    -198.17     2.86151   0.0779496    -22.9213    -2.98135     11.9054    -22.5522     1.49397       7.098 3.17149e-05     22.4324     34.3576     2.35812     8.64945     3.35211     -5.4967 2.30677e-05
   -246.267     3.99482   0.0173523    -27.8686    -8.33795     14.2443    -19.7601     2.12247     7.00361 4.32811e-05     32.2391     39.0062     2.52652     10.6606     3.62375    -4.20597 3.14803e-05
   -288.451     4.84363  -0.0556926    -32.1048    -14.1933     16.2068    -15.3254     2.75002     6.49052 4.21742e-05     41.7791     42.1653      2.5735     12.3829     3.72732    -2.47447 3.06752e-05
    -475.961      3.98672   -0.0241973      39.2952     -55.3689      3.96236      17.3694      2.34085      5.34483 -3.65083e-05      12.3498      25.3208     0.631944     -27.0751   -0.0175363      1.82331  6.91891e-07
   -477.646     4.58633  -0.0550092     34.5698    -55.3392     2.55389      14.771     2.07444     4.91162 -1.7629e-05     11.2611     19.9103    -3.07237    -27.0016  0.00288799    0.759878 3.34098e-07
    -474.973      4.95752   -0.0732576      31.4216     -54.8771      1.67693      13.0743      1.89607      4.60973 -3.65037e-06      10.5208      16.4928      -5.2924     -26.7628    0.0152365     0.110566  6.91805e-08
   -344.052     5.04368    -0.13949    -22.6856     37.2483     4.95469     16.3538     2.76471   -0.892914 1.14053e-07     33.0697    -36.7463     -18.113     5.09081    0.813313   -0.251094 1.18146e-07
   -344.162     4.96711   -0.131446     -21.265     36.6861     4.60274     16.4878     2.61059   -0.719139 6.83029e-06     34.0858    -36.5127    -18.2708     4.52331     1.06516   -0.178104  7.0754e-06
    -341.12     4.63453  -0.0986529    -15.4589     34.1032     3.16942     16.8488     1.97656  -0.0273831 2.96365e-05     37.7382    -35.2288    -18.7069     2.24697     2.04422    0.110705    3.07e-05
   -328.839     4.13501  -0.0542872    -7.57089     29.9289     1.23453     16.9039     1.10574    0.869129 5.01431e-05     41.5324    -32.7157    -18.8112   -0.745011     3.25704    0.480864 5.19425e-05
   -419.156     3.84248  -0.0650605     2.38341    -16.0218     6.84098     18.8848      3.6144     6.68352 5.96073e-05    -27.9125     31.4582    -2.51911    -2.30999    -1.01636    -6.36722 2.27021e-05
   -387.086     3.23268  -0.0151125     11.4747    -12.1678     5.87742      20.894     3.45185     6.28124 6.29169e-05    -22.5498     31.8959   -0.509748    -5.36229    -1.96605    -6.77036 2.39626e-05
    -340.11     2.53057   0.0385254     20.8441    -7.65094     4.66353     22.3763     3.16929     5.65404 5.40623e-05    -16.1186     31.2875     1.63179    -8.40762    -2.90561    -6.96079 2.05902e-05
