-0.302765         0         0         0         0         0         0         0         0         0         0         0         0         0         0         0         0
-0.102116         0         0         0         0         0         0         0         0         0         0         0         0         0         0         0         0
0.135387        0        0        0        0        0        0        0        0        0        0        0        0        0        0        0        0
0.350655        0        0        0        0        0        0        0        0        0        0        0        0        0        0        0        0
0.47574       0       0       0       0       0       0       0       0       0       0       0       0       0       0       0       0
0.550123        0        0        0        0        0        0        0        0        0        0        0        0        0        0        0        0
0.566804        0        0        0        0        0        0        0        0        0        0        0        0        0        0        0        0
0.53413       0       0       0       0       0       0       0       0       0       0       0       0       0       0       0       0
0.406392        0        0        0        0        0        0        0        0        0        0        0        0        0        0        0        0
0.239655        0        0        0        0        0        0        0        0        0        0        0        0        0        0        0        0
0.134013        0        0        0        0        0        0        0        0        0        0        0        0        0        0        0        0
-0.032856         0         0         0         0         0         0         0         0         0         0         0         0         0         0         0         0
-0.214193         0         0         0         0         0         0         0         0         0         0         0         0         0         0         0         0
