-0.48308        0        0        0        0        0        0        0        0        0        0        0        0        0        0        0        0
-0.564334         0         0         0         0         0         0         0         0         0         0         0         0         0         0         0         0
-0.557071         0         0         0         0         0         0         0         0         0         0         0         0         0         0         0         0
-0.451146         0         0         0         0         0         0         0         0         0         0         0         0         0         0         0         0
-0.313499         0         0         0         0         0         0         0         0         0         0         0         0         0         0         0         0
-0.142656         0         0         0         0         0         0         0         0         0         0         0         0         0         0         0         0
0.0244379         0         0         0         0         0         0         0         0         0         0         0         0         0         0         0         0
0.189117        0        0        0        0        0        0        0        0        0        0        0        0        0        0        0        0
0.393934        0        0        0        0        0        0        0        0        0        0        0        0        0        0        0        0
0.512408        0        0        0        0        0        0        0        0        0        0        0        0        0        0        0        0
0.549469        0        0        0        0        0        0        0        0        0        0        0        0        0        0        0        0
0.564517        0        0        0        0        0        0        0        0        0        0        0        0        0        0        0        0
0.523288        0        0        0        0        0        0        0        0        0        0        0        0        0        0        0        0
