   -0.878713     0.878713     -1.38606            0            0            0            0            0      1.14786    -0.592091 -0.000405429      1.84068      1.89905     -2.98997      1.95625      2.94327    -0.655767     0.162194      1.67794      1.29704      1.63065     0.100553      2.86563      1.95255     -3.02042
 -0.191549   0.191549    -1.5623          0          0          0          0          0    2.55645    1.10679 0.00428997    2.18559   -1.64724    -2.5131    1.00423    1.10719  -0.587098    -1.3022    2.13583   0.502028    -2.3354    1.53201    1.77946 0.00217483    3.05127
  -0.609822    0.609822    -1.48339           0           0           0           0           0     1.90822    0.838046 -0.00890666    0.885244     1.99194   -0.159927   -0.697319    0.132496    -2.06448    -1.42475     1.08894     1.83684    -2.57783     1.76989     1.91925     1.80109    -1.11979
 -0.488609   0.488609   -1.51501          0          0          0          0          0    1.98141   0.574394 -0.0148368   -2.03536   -1.65334    -1.4896   -1.08405   0.277804   -1.24641   0.343112    1.37935  -0.784621   0.402369   -1.55811    1.38448    -1.3529  -0.394263
-0.625504  0.625504  -1.47876         0         0         0         0         0   1.89307  -0.29371 0.0123564  0.616024  0.356912 -0.466511   1.20725  -2.91724  0.202322  -1.49487   1.76537   1.13343   2.19735  0.488038  -2.72917  -1.73861  -1.68177
  -0.733881    0.733881    -1.44329           0           0           0           0           0     1.43627     1.45006 -0.00468247     1.06168    0.325989    -1.71315    -1.01304     0.16952     1.39518   -0.803992   -0.931245   -0.286537     1.79394     1.55592     1.57164    0.108548    -2.22262
 -0.726821   0.726821   -1.44578          0          0          0          0          0    1.26777   -1.22767 0.00228149   -2.89002  -0.959343   -1.87466   -1.81319    1.11713    0.34618   -1.02032  -0.495025    1.10504   0.348479   -1.25038   0.562358   0.539114   -0.60614
 -0.802173   0.802173   -1.41773          0          0          0          0          0    1.25223    1.42434 -0.0137514   -1.51354    1.76716   0.153242   0.662009   -0.59682   -1.25599   -1.49002   -1.89756   -1.33305   -2.24505   0.498235   0.887978   0.383358    2.67902
 -0.803423   0.803423   -1.41724          0          0          0          0          0    1.26221   -1.35568 -0.0386088    2.03698   0.309353   -2.86324  -0.214495  -0.524788   -1.67051   0.950472    1.66576  0.0134744   -2.18531   -1.91177    2.16807    -1.6469    2.54547
 0.0379654 -0.0379654   -1.57046          0          0          0          0          0    2.48196   0.334066  0.0090092   0.635392   -1.28166    2.61477   0.305181   -3.09432  -0.457378  -0.705192   -1.68624    1.45534    2.38584 -0.0537216   -2.79212     1.7396   -2.17166
 -0.858639   0.858639   -1.39468          0          0          0          0          0    1.14244    1.51669 -0.0259408     0.2947   0.560329    2.43456    1.92534  -0.115305    0.87865   -1.28161  -0.970753  -0.516638    1.45736     1.1936  -0.230603   0.747366  0.0625444
  0.0626368  -0.0626368    -1.56989           0           0           0           0           0     2.57583  -0.0590507 -0.00296564    -1.77223      1.9974    -2.62146     1.83387     -2.4052    -1.91332     0.88979    -1.13096     1.41459   -0.814498      1.3622     1.22885    -1.14238    -1.45476
 -0.798568   0.798568   -1.41915          0          0          0          0          0    1.12536   -1.37107 -0.0107786    1.89916   -1.07062   -2.51061   0.975414    2.45249   -1.47781    2.74077   0.996884    1.08418   -1.24765  -0.564359    2.34091   -1.19506    1.71541
 -0.746961   0.746961   -1.43859          0          0          0          0          0     1.2679    1.30017  0.0273604   -1.83222   0.609971    1.98618 -0.0458822   -1.54423   0.596046   -1.79259   -1.94506  -0.681857  -0.670614   0.800204  -0.487061    1.83206   -1.15293
    0.10019    -0.10019    -1.56847           0           0           0           0           0      2.5513    0.261117 -0.00190715    0.964549    -1.54684    -2.49509   -0.202768    -2.21253    -1.08706    0.150366    -1.83761     1.33404    0.656654     1.46279     1.26377     1.32073      1.7027
 0.0967945 -0.0967945   -1.56863          0          0          0          0          0    2.68156  -0.226131 0.00798077   0.652762   -1.21918    1.81387   0.922824      2.984  -0.855886    2.51855    1.37203   -1.43129   0.205174    1.69097    2.79264  -0.173623  -0.994133
 -0.772748   0.772748   -1.42905          0          0          0          0          0    1.11777    -1.5579 -0.0164977   -1.15133   -1.79492   0.202866    -1.1592  -0.891334  -0.995987    2.04209    2.08384   0.708627  -0.550846   -1.10104   -3.07353   0.186202   -1.29002
  -0.163257    0.163257    -1.56462           0           0           0           0           0     2.58288     1.48756 -0.00362397    -1.73717     1.95043     -1.2098    -2.02841    -2.87529   -0.204842    -1.30624     1.77014  0.00776863     -1.2538    0.794776    0.548431  -0.0922665   -0.480346
-0.000120256  0.000120256      -1.5708            0            0            0            0            0      2.50131    -0.515295   0.00106674       1.2985     -1.76928      2.68597     0.714332    -0.342643     -2.08646     0.568978      1.05849     -1.46352     -2.06934      1.84939     -1.94223      1.58803      1.99509
   -0.812868     0.812868      -1.4135            0            0            0            0            0      1.15324     -1.56113 -0.000862619     -2.88845     -1.96302       2.1043     -1.99498    -0.203606     0.356222      1.91106     0.417041     0.480149     0.155691      1.89256    -0.591043     -1.74527     -2.51821
 -0.655813   0.655813   -1.46946          0          0          0          0          0    1.37136    1.42042 -0.0013847   -1.80959    1.00771  -0.735915   -1.22941    -1.7974   0.678356    1.55377    1.82529  -0.868884   0.776733   0.426986    2.64987    1.31146    2.47294
-0.0551697  0.0551697   -1.57009          0          0          0          0          0    2.47771  -0.735553 0.00586571    2.09798   -1.69709    2.18201    1.92147    1.99613  -0.535915    -1.0771      1.759   -1.81616    1.77322   0.960828   -3.12828   -1.97728    2.99972
 -0.556391   0.556391   -1.49824          0          0          0          0          0    1.66067   -1.49333 0.00311018   -2.20714    1.45449   -2.84666    1.43988   -1.79791  -0.786147    2.61239    2.87361   0.845869   -1.69609   -1.58076   0.453018  -0.320114   -2.78483
 -0.690613   0.690613   -1.45819          0          0          0          0          0    1.43861  -0.832123  0.0216009   -0.84275   0.496438  -0.913493   -1.87563 -0.0319431    1.42068    -2.3256   0.311605   0.240434   -1.98223    1.74556   0.708833   0.261375   -1.45109
  -0.624091    0.624091    -1.47919           0           0           0           0           0     1.59805    -1.49935 0.000616308   -0.137932   0.0153179     1.42903    -0.48629   -0.209901   -0.980328    -0.49655     -1.6644     1.68824    0.652152    -1.83306     2.51133      1.1144   -0.287834
 -0.816478   0.816478   -1.41206          0          0          0          0          0    1.16334  -0.446637 -0.0714027 -0.0870653   0.781179   -3.09103   -1.52374    1.32535   0.972171   0.337913    1.60478   -1.82192  -0.932033     1.9624   -2.06249   -1.65463   0.690943
    -0.78781      0.78781     -1.42332            0            0            0            0            0      1.22803      1.44023 -0.000880104      3.08156      1.13895      1.75627      1.48457    -0.488592      0.88539      1.53969    -0.551935     -1.63251      1.10639      1.67336     -2.94986     0.970327     0.902949
-0.864744  0.864744  -1.39208         0         0         0         0         0  0.979409  -1.48916  0.063457  -1.99274   -1.8656   -2.0884 -0.244469 -0.340068  0.229033  -3.08414  0.475327  0.838879 -0.863233 -0.799055  -0.90511   1.83633   -2.3778
-0.139134  0.139134  -1.56631         0         0         0         0         0   2.29884  0.137054 0.0224816  -1.53606   1.13462 -0.649162  0.782965 -0.918922  -1.08408  -1.76081  -2.05496  0.933136  0.804501  0.971068  -1.00534  0.341319  -2.06005
   -0.470442     0.470442     -1.51912            0            0            0            0            0      1.98173      1.53583 -0.000142318     -1.41245     -1.31791    -0.981252      1.86864     -1.57939     0.430906     -2.96982     0.675372    -0.579444     0.196987     -1.97446     0.558395      -1.0113      3.03608
 0.0413089 -0.0413089    -1.5704          0          0          0          0          0     2.6322   0.441561 0.00157422  -0.992754    1.88053    2.79571  -0.610839    -1.5987    1.98551  -0.619164   -1.52565    1.87644    3.13047   0.479098   -2.34595   -1.77865    2.82398
  -0.442831    0.442831    -1.52506           0           0           0           0           0     1.82472    -1.36181 -0.00928276    -1.32266     1.54873     2.42407     1.21983     2.53278    -1.47367    -2.54589    -1.31523      2.0173    -0.25585    -1.42498   0.0185664    0.180141     1.43603
  -0.713425    0.713425    -1.45045           0           0           0           0           0     1.20234   -0.230276 -0.00660159     1.20346    -1.94227    -1.83165     1.75818    -1.58487    -2.00252    -1.54489     3.06499    -2.00652     0.35513     1.57862     2.93916   -0.984544     2.12986
 -0.346303   0.346303   -1.54291          0          0          0          0          0    2.26301    1.43958 0.00707071    1.06038  -0.456215    1.97293   0.207598  0.0280128    1.42721    2.98161   -1.19024   -1.59782  -0.131478    1.60891    1.72858    1.14292  -0.756206
-0.0920914  0.0920914   -1.56883          0          0          0          0          0    2.37455 -0.0423705  0.0183712   -1.93108   0.869185   0.533213    1.02809   -2.54488   -1.73473   0.918821   -1.10441    1.29669    2.55703   0.978369   -2.61919   -1.92304   0.699063
  -0.707724    0.707724    -1.45241           0           0           0           0           0     1.37714    -1.54058 -0.00250088   -0.454197   -0.159623    0.959734       1.478     1.62519   -0.775627     1.21665     -2.1719  -0.0420376    -1.99635    -1.00642      2.8453   -0.637975    -1.01915
  -0.773969    0.773969    -1.42859           0           0           0           0           0     1.25186     1.54523 -0.00208511    -1.11665     1.31312    -0.52366    -1.27026   0.0709191   -0.114218   -0.487739    -2.22949    -1.05853    -2.20244    -1.03766    0.168472     1.71047      1.3575
-0.0188966  0.0188966   -1.57071          0          0          0          0          0    2.48483 -0.0735071  0.0211541   0.573317   -1.11204   -2.01318    1.22767  -0.311065  -0.440347    2.23161   -2.09809    1.20865    2.34296    1.45491 -0.0826872    1.93057   0.853558
-0.647278  0.647278  -1.47213         0         0         0         0         0   1.40064  -1.54092  0.041421   1.10051  -1.69813  -1.16505   1.17452  -2.45895  -1.40933  -1.92187  -1.52191   1.43505 -0.486778   1.37267  -1.08115   1.51758  -1.54711
-0.412784  0.412784   -1.5311         0         0         0         0         0   1.99379 -0.185255 0.0119783 -0.684952   1.44466   2.94104   1.12187  -1.01663   1.30181   1.53927  -1.99564  0.716671   1.06291   1.82957  0.345147   0.35993   1.61628
  -0.390432    0.390432    -1.53531           0           0           0           0           0     1.76899    -1.47128 -0.00768544    -1.73316     1.97472     2.57633    0.294195    -2.62648     1.77644    -3.00121    -1.67142     1.29012  -0.0124139    -1.49763    -1.80583   0.0626193   0.0301357
 0.0166061 -0.0166061   -1.57073          0          0          0          0          0    2.42409   -0.57659  0.0125012   -1.95938    1.80063    1.91216  -0.293008    1.56855  -0.447549   -2.97434  -0.320603   0.991769   -1.32127       1.73    2.02305  -0.594076   -1.87329
-0.808246  0.808246  -1.41534         0         0         0         0         0   1.03129    1.4899 0.0138032   2.21751   1.02076  -0.73418   -1.4465  0.744256   1.26556   -1.5871  0.600953   -1.6061  -1.86883   2.07331   1.03246  -2.06857  -1.79011
  -0.19329    0.19329   -1.56214          0          0          0          0          0    2.23695  -0.175814 0.00317836   0.757187   -1.69675  -0.311689    1.64681   -1.76894   0.660552    0.84165    1.11948   -1.35574  -0.892869     2.0329    2.24004   0.668951   0.734101
-0.807803  0.807803  -1.41551         0         0         0         0         0   1.12745   -1.4315 0.0425539  -2.10247  -1.40719  -1.56898  0.600693   1.25207  -1.97109   3.05896 -0.350553  0.743037 -0.678829 -0.973573  -1.49714  0.843675  -2.26051
 -0.0705325   0.0705325    -1.56965           0           0           0           0           0     2.50453   -0.172334 -0.00140147     2.00523    -1.57272     1.95125    -1.39958   -0.996361    0.242868     1.74935     1.67125    -1.75582   -0.786003     1.60126     1.02042    0.633703    -1.81567
-0.802259  0.802259   -1.4177         0         0         0         0         0   1.13554   1.26881 0.0139329   1.08508  0.377036   2.62471  -1.68165  -1.90814  -1.44316    -1.407  -2.23719  -1.64016  -1.38367  -1.38747 -0.545355 -0.915454   2.68228
-0.743834  0.743834  -1.43972         0         0         0         0         0   1.16002 -0.602245 0.0520735 -0.668245   1.42323 -0.938855   1.53984   2.28711  -1.72056   2.27738  -3.01112  -1.08652   1.38712  0.350006 -0.098247  -1.15527  -2.49314
  -0.664291    0.664291    -1.46677           0           0           0           0           0     1.33717    -1.53547 -0.00130033      1.7306    -1.50198    -3.07121    -1.25403     1.00811    -1.74471    0.921345     1.42429    0.193333   -0.225564    -0.25652     -2.3736   -0.759041     1.82217
   0.113441   -0.113441    -1.56782           0           0           0           0           0     2.72424  -0.0579154 -0.00666162    -1.70464     1.23236     1.79926    0.925623    -1.39418   -0.993154     2.61472     3.09885    -0.23484     1.86136     1.76125      3.0701    -1.54319  -0.0245465
 -0.716327   0.716327   -1.44945          0          0          0          0          0    1.16676    1.47136  0.0080029 0.00480227  -0.510092   -3.01803  -0.458876   -1.55967  -0.392695  -0.989861    1.07602   -1.35215   0.959053  -0.775541   -2.03794    1.50862   -3.00285
 -0.823546   0.823546   -1.40922          0          0          0          0          0    1.06986 -0.0656647 0.00799245   -1.64354   -1.42844   -1.64298    1.39431     -1.167    1.33102    1.96442    1.55895   -1.73884   -0.88433    1.49876   -3.01372   -1.52042    3.07244
 -0.741853   0.741853   -1.44043          0          0          0          0          0    1.34362   -1.44105  0.0341294    -2.1787 -0.0203937   0.261245    0.40382    0.30283   -1.78063    1.60458   0.884199  0.0012641   0.569438   -1.49589  -0.883826   -1.53527    2.48554
 -0.617936   0.617936   -1.48101          0          0          0          0          0    1.63765    1.41036 0.00343234   0.769227   -1.80596    1.70581    -1.0082   -2.57351  -0.532233  -0.762794  -0.703385   -1.63869   0.876659    1.36073  -0.962971    1.54036    2.45311
   0.0523698   -0.0523698     -1.57016            0            0            0            0            0      2.59624     0.750453 -0.000414488      1.69734      -1.5149      -1.1147      1.23578     -1.36329     -1.83658      1.65082   0.00238516      1.72432     -1.48902      1.83279        -2.83      1.63645     0.601046
-0.346655  0.346655  -1.54286         0         0         0         0         0   1.94975   -1.2931 0.0125673   2.09987  -1.81445 -0.832167 -0.479345  0.138072   1.12554  -1.27248 -0.782537   1.93195  0.459124  -1.75493   -1.3918  -1.61516  -2.55216
 -0.713102   0.713102   -1.45056          0          0          0          0          0    1.27593  0.0233238 -0.0381532    2.03871   0.778047   0.616194    1.64511   -1.27861    1.33715    0.98637    2.84004    -1.4484   0.467543    1.40235   -2.48505   -1.59249     2.9672
-0.00845029  0.00845029    -1.57078           0           0           0           0           0     2.50029     1.55609  0.00064978    -1.69908     1.38576     1.38065   -0.764534     2.83607     1.03154     2.87407    0.944698   -0.910896    0.520339    -1.75975   0.0948584    0.687792     2.60304
 -0.513721   0.513721   -1.50906          0          0          0          0          0    1.50774  -0.347458 -0.0191446   0.870442   -1.85204   -2.74932   0.470501    1.01872   -1.87362  -0.748042    2.92314   -1.26555    1.73941     1.6373   0.137777   -1.05529   -1.50528
 -0.306473   0.306473   -1.54898          0          0          0          0          0    2.24409   -1.45095 -0.0189191    1.39266   0.350303    -1.9659   -1.97581    2.05658   -2.06983   0.686613   -1.80379    1.67522   0.272624   -1.26108     2.8857   -1.22116  -0.998849
  -0.877744    0.877744    -1.38648           0           0           0           0           0      1.0927  -0.0404934 -0.00290428    -1.34331   -0.950766   -0.875921    -1.90848     2.76341    0.370197     2.79138     1.50805     1.46414    -2.00083      1.9282    0.910917    -0.22438     1.71522
  0.0921569  -0.0921569    -1.56883           0           0           0           0           0     2.55079    0.495934 -0.00925384     1.71222      -1.162     2.17591    0.845373    0.172943   -0.578401    -2.00527    -1.28878     1.06271    0.496256     1.07488    -2.96476    -1.10051    -2.63468
 -0.494103   0.494103   -1.51373          0          0          0          0          0    1.72434   -1.47285 0.00429063    2.10195   -1.29069    3.02096    1.12985  -0.855848  -0.306502    2.85907   0.823234    1.10805   0.504751   -1.81678    1.33559  -0.927209   -2.28569
  -0.812353    0.812353    -1.41371           0           0           0           0           0     1.07808  -0.0442404 -0.00360206    0.287782   -0.423976     2.41464     1.93665    -1.89902     1.05862     1.34517     2.04673   -0.289747     2.36485     1.79812     1.76685    -1.89471     1.79967
 -0.816545   0.816545   -1.41203          0          0          0          0          0    1.17299    1.50375 -0.0402979    1.66829   0.377369   -1.47084   0.547448   -2.53371 -0.0352132   -2.52342    2.25135   0.107065   -1.63636    1.83188    0.47601  -0.208398   -3.12134
-0.629897  0.629897  -1.47744         0         0         0         0         0   1.59864  -1.46641 0.0106388  -1.47124 -0.413578 -0.882229  -0.33961   3.08471 -0.884232  -1.79213  -1.88023   1.02403  -0.27539  -1.02938  0.149639  0.300614   1.11434
-0.0552511  0.0552511   -1.57009          0          0          0          0          0     2.4514  -0.172971 -0.0632896  -0.121854   -1.34809   -1.26457    1.42421  -0.386178    1.56586   -2.69885   -1.90874   0.773676   0.940824     1.5211    2.23734   0.253221     3.0311
  -0.78587    0.78587   -1.42406          0          0          0          0          0    1.14729    1.49616 0.00760505   -2.24065    1.37554   -3.03884 -0.0792113   0.834865    2.06726   -2.64534   0.888692  -0.736249    2.40763    1.66261    3.12641    1.86643   0.716048
 -0.782434   0.782434   -1.42538          0          0          0          0          0    1.09106  -0.216897 -0.0067633   -2.06862   0.473991    2.55531    -1.4887   -2.72376  -0.242032   -2.97473   -1.29077  -0.301725 -0.0606977    1.85433    2.04483    1.74332  -0.542963
 -0.801256   0.801256   -1.41809          0          0          0          0          0    1.13848    1.44399 0.00964787    1.46743   0.877737   0.637911    1.26114    2.23027    1.72504    1.80954   -1.73508   0.876062   -2.82394   -1.99633   -0.37774 -0.0141669   0.906725
  -0.805344    0.805344    -1.41649           0           0           0           0           0     1.16625  -0.0738428 0.000831631     1.78643    -0.66584    0.644456     1.85442     2.36481   -0.942911     2.18853    0.611446    0.450433    -1.41063     -1.8251     2.78298     -2.0843    -1.09548
-0.798429  0.798429   -1.4192         0         0         0         0         0   1.15024  -1.48202  -0.04548  -1.62031  -1.46924   1.79256   2.00873  -3.08413 -0.269416  -2.99582  -1.45385   1.09783   -2.4022  -2.05091 -0.406066   1.58233  0.614093
 0.118192 -0.118192  -1.56756         0         0         0         0         0   2.58678  0.333819 0.0199277  -1.86146  0.623586  0.578725  0.443941   1.54723  -1.94249 -0.425269   2.15282 -0.976465   -2.7016  0.454688  -1.92398 -0.142783   1.60594
 -0.786517   0.786517   -1.42381          0          0          0          0          0    1.15283    1.47212 0.00275232   0.518271  -0.480737  -0.317245    1.63608    1.94623  -0.173967    1.63934    1.82924  -0.847838 -0.0213216    1.37971    2.25842   -1.86476  -0.647344
   -0.814875     0.814875      -1.4127            0            0            0            0            0      1.06215    -0.121104 -2.95249e-05     0.704589      -0.6518      1.15446    -0.914643     -1.63885      -1.0044      1.13734   -0.0272854     0.262286    -0.472192     -1.50767     -2.70165     0.971581     -3.02964
 -0.285597   0.285597   -1.55186          0          0          0          0          0    2.05601    1.43968 -0.0128024   -2.88765   0.537065   -1.90975   -1.97817    1.56019  -0.340747   0.622594    1.74606   -1.32055  -0.613738   -1.23269  -0.921975  -0.867674     1.8356
  -0.75886    0.75886   -1.43423          0          0          0          0          0    1.24008   0.028647 0.00436104    2.89553    -1.1787  -0.116595   -1.59482    1.73387   0.112366    1.19091    3.01442   -1.54913    1.79966   -0.48182  -0.856956   -1.41148    2.68637
 -0.773367   0.773367   -1.42882          0          0          0          0          0    1.16017   -1.52247 0.00261478    1.36716   -1.48664 -0.0192176    1.06128   0.389553  -0.198931    1.04688    2.01655   0.294539   0.272053   0.902541   -1.04642    1.32115    1.67383
-0.674006  0.674006  -1.46364         0         0         0         0         0   1.70011 -0.130306 0.0145372 -0.268693 0.0410427  -2.42777  -1.61002    -2.485   1.25421   1.07169   2.89423   0.88087   1.32832   -1.2707   2.61691  0.243561   2.03803
  -0.684756    0.684756    -1.46013           0           0           0           0           0     1.30778    -1.53381 -0.00323213     1.30848    -1.44261    -2.56731   -0.826784      1.5768    -1.85954    0.618999    -1.76115     1.47168    -1.77099    0.860566    -2.43444   -0.886582     1.82936
  -0.743672    0.743672    -1.43978           0           0           0           0           0     1.05222   -0.255173 -0.00603103    0.240447    -2.00616     1.38177     2.07955  -0.0907201   -0.767857     2.04947     2.91233    -1.52447    0.426059    0.495145     2.76336   -0.972806     0.93052
 -0.395654   0.395654   -1.53434          0          0          0          0          0    1.93217    1.53916 0.00416264    2.05845   0.187145    1.35361    1.96281     1.3682  -0.932456   0.809672   0.675209   -1.51966    1.12791    -2.0274    0.68404   0.585797   -2.41486
-0.290225  0.290225  -1.55124         0         0         0         0         0   2.10228 -0.141405 0.0132798  0.988381 -0.781097   2.25272   1.16062  -2.47682  -1.97594   1.21358   1.24912 -0.370381  -1.35406   2.05223  -1.64439   1.75036  0.238687
 -0.848652   0.848652   -1.39889          0          0          0          0          0    1.03608    -1.5087 -0.0188172   0.220629   -0.47619   0.934119   -2.02367   -0.85854   0.337518   -2.24853   -1.30721  -0.479129    1.18797   -1.53768   0.478496    1.16746   -1.21444
  -0.769801    0.769801    -1.43016           0           0           0           0           0     1.15719     1.50154   0.0291597    -1.13265     0.51431    -1.29849 -0.00320432     1.02431     2.04786    -1.11114     1.82656   -0.634684     2.11346    -1.02084    0.775143     1.98869    0.352178
  -0.821117    0.821117     -1.4102           0           0           0           0           0     1.10536    0.380445 -0.00188433    -1.84338     1.37397     1.22641   -0.880681    -1.33697   -0.893636     1.68986   -0.652651    -0.60901    0.330403    -1.93758    -2.83227    -2.01428     1.06352
  -0.775011    0.775011     -1.4282           0           0           0           0           0     1.25908     1.55245 0.000520434    0.798618     -1.0333     2.30313    -1.06952      2.2631   -0.167975   -0.600317    -1.05192    -1.01909    -1.88493   -0.677318    -1.32231   -0.369778    -1.23508
  -0.442325    0.442325    -1.52516           0           0           0           0           0     1.99643  -0.0790944 -0.00354072    0.757974    -1.43099     2.34649   -0.345649   -0.549418    -1.18978   -0.458753     1.81692     1.45102   -0.897144    -1.42194     -2.7053   -0.404062    0.420324
-0.642553  0.642553  -1.47359         0         0         0         0         0   1.48034  -1.55584 0.0166398   1.81864    1.8941   2.35445    1.5393  -1.42102   2.06281 -0.185806  -1.93519  0.910293  -1.29042   1.04507  -1.48053  -1.69344   2.44763
  0.0111001  -0.0111001    -1.57077           0           0           0           0           0     2.53536    0.349568 -0.00028201      1.6432    -1.88898     0.29027     1.84076  -0.0851406    -1.05883     2.86439   -0.339921     1.09767   -0.295269     2.07513   0.0915808  -0.0412982     2.20425
 -0.433704   0.433704   -1.52694          0          0          0          0          0    1.82432    1.46353 -0.0097937   -2.90198    0.50017    2.45704 -0.0441976  -0.202769   -1.71817    1.45235    1.32187   -1.19344  -0.879493   -1.41345   -2.95027    1.49236    1.85655
 -0.949564   0.949564   -1.35377          0          0          0          0          0    1.13299   0.247747 0.00503539   0.644586    1.63512    2.41631  -0.117556   0.108481   -1.89401  -0.734846    2.84615     1.5752  -0.186099   -1.14244   0.583011   0.180039    1.30107
  0.0829751  -0.0829751     -1.5692           0           0           0           0           0      2.5409   -0.436672 -0.00660125     1.96058    -1.57382    -1.93075   -0.118851   0.0199247     -1.7388  -0.0413584     2.15057    -1.34052    -1.01489    0.500397     2.03028  -0.0877151     1.59705
   -0.752374     0.752374     -1.43661            0            0            0            0            0      1.02103      1.52712 -0.000930626     -1.07696   -0.0752774      2.94745     0.623405      2.96578     0.775976     0.671631      2.00567     -1.90211      2.66625      1.89457     0.291403    -0.900309     0.537726
 -0.756441   0.756441   -1.43512          0          0          0          0          0    1.24813   0.307352 -0.0116017  -0.659354  -0.933669  0.0395445     2.0049   -1.15751  -0.373926    2.42341   -2.19748   0.477719    1.26456    1.43604   0.605649   -1.53212   -2.28114
 -0.685813   0.685813   -1.45978          0          0          0          0          0     1.3434   -1.37431 -0.0240491    1.78614   -1.57339   0.171022    2.06467   -1.99778    2.04961   -2.92315  0.0935188   0.750861  0.0378251    -1.8246    1.87408    1.49059    2.69096
