     2.68739    -0.592091 -0.000405429      1.84068      1.89905     -2.98997      1.95625      2.94327    -0.655767     0.162194      1.67794      1.29704      1.63065     0.100553      2.86563      1.95255     -3.02042
     2.47733    -0.592091 -0.000405429      1.84068      1.89905     -2.98997      1.95625      2.94327    -0.655767     0.162194      1.67794      1.29704      1.63065     0.100553      2.86563      1.95255     -3.02042
     2.23314    -0.592091 -0.000405429      1.84068      1.89905     -2.98997      1.95625      2.94327    -0.655767     0.162194      1.67794      1.29704      1.63065     0.100553      2.86563      1.95255     -3.02042
   2.01362    1.10679 0.00428997    2.18559   -1.64724    -2.5131    1.00423    1.10719  -0.587098    -1.3022    2.13583   0.502028    -2.3354    1.53201    1.77946 0.00217483    3.05127
   1.88639    1.10679 0.00428997    2.18559   -1.64724    -2.5131    1.00423    1.10719  -0.587098    -1.3022    2.13583   0.502028    -2.3354    1.53201    1.77946 0.00217483    3.05127
   1.81053    1.10679 0.00428997    2.18559   -1.64724    -2.5131    1.00423    1.10719  -0.587098    -1.3022    2.13583   0.502028    -2.3354    1.53201    1.77946 0.00217483    3.05127
    1.79294    0.838046 -0.00890666    0.885244     1.99194   -0.159927   -0.697319    0.132496    -2.06448    -1.42475     1.08894     1.83684    -2.57783     1.76989     1.91925     1.80109    -1.11979
    1.82497    0.838046 -0.00890666    0.885244     1.99194   -0.159927   -0.697319    0.132496    -2.06448    -1.42475     1.08894     1.83684    -2.57783     1.76989     1.91925     1.80109    -1.11979
    1.95211    0.838046 -0.00890666    0.885244     1.99194   -0.159927   -0.697319    0.132496    -2.06448    -1.42475     1.08894     1.83684    -2.57783     1.76989     1.91925     1.80109    -1.11979
     2.1185    0.838046 -0.00890666    0.885244     1.99194   -0.159927   -0.697319    0.132496    -2.06448    -1.42475     1.08894     1.83684    -2.57783     1.76989     1.91925     1.80109    -1.11979
   2.22399   0.574394 -0.0148368   -2.03536   -1.65334    -1.4896   -1.08405   0.277804   -1.24641   0.343112    1.37935  -0.784621   0.402369   -1.55811    1.38448    -1.3529  -0.394263
   2.39065   0.574394 -0.0148368   -2.03536   -1.65334    -1.4896   -1.08405   0.277804   -1.24641   0.343112    1.37935  -0.784621   0.402369   -1.55811    1.38448    -1.3529  -0.394263
   2.57177   0.574394 -0.0148368   -2.03536   -1.65334    -1.4896   -1.08405   0.277804   -1.24641   0.343112    1.37935  -0.784621   0.402369   -1.55811    1.38448    -1.3529  -0.394263
