220.024
223.797
223.576
131.814
223.755
101.58
237.542
31.004
234.914
249.476
32.218
25.78
105.217
38.403
64.146
148.199
112.786
86.548
23.209
102.238
150.107
82.88
12.916
248.696
205.617
218.886
192.415
40.777
46.433
112.687
159.559
92.797
80.797
105.222
84.3
94.903
26.027
68.401
173.638
235.463
209.316
8.722
209.095
109.828
186.489
167.966
16.765
25.4
131.726
51.716
98.304
114.96
151.893
101.455
45.355
42.719
154.937
242.567
12.246
132.704
233.833
85.973
36.448
39.445
251.375
80.526
13.985
199.81
82.759
247.998
48.34
79.701
184.015
161.374
8.683
118.697
129.241
237.735
122.958
64.588
60.012
31.052
8.307
201.834
165.72
131.164
225.579
148.097
114.873
15.429
81.169
44.275
242.09
55.133
130.096
239.535
142.406
9.843
55.827
22.284
137.884
32.285
198.803
152.073
150.887
247.947
231.28
174.608
58.844
71.046
160.209
137.929
248.306
133.816
205.654
44.431
112.263
173.505
82.095
46.83
201.424
215.378
249.254
18.097
225.322
101.587
84.81
141.232
162.684
122.153
238.331
203.35
170.058
197.991
0.188
65.36
43.928
0.903
254.563
158.387
79.582
29.495
176.174
140.786
241.585
207.501
246.053
223.375
181.685
145.756
90.508
20.275
156.995
215.533
158.342
140.671
35.833
247.362
60.938
2.944
251.212
224.423
233.402
178.939
84.23
142.952
159.319
243.607
213.598
124.457
52.549
41.156
254.982
0.398
233.319
198.758
66.426
70.561
175.941
237.68
162.52
195.447
56.385
119.262
126.34
66.421
95.075
180.891
146.667
229.109
89.946
49.794
33.197
12.364
246.103
52.401
117.833
23.557
12.936
53.21
117.497
245.691
188.15
199.137
96.182
254.354
86.485
11.711
227.768
61.395
201.786
21.331
228.708
235.225
233.224
101.974
203.535
0.444
48.277
43.025
180.016
196.451
55.782
66.299
124.665
250.251
107.926
125.481
6.522
27.914
242.01
109.063
23.822
134.18
175.282
80.513
190.733
225.516
142.39
189.668
90.285
166.466
88.753
212.399
187.524
120.168
16.316
9.302
51.262
200.106
17.476
116.207
174.376
206.131
113.23
36.002
250.31
150.131
10.694
214.337
225.92
202.888
3.62
11.634
18.512
59.969
29.599
253.645
186.066
71.243
88.937
24.01
160.718
185.547
250.551
108.369
41.361
86.969
239.548
65.925
44.165
182.56
213.666
52.444
130.843
135.847
177.2
66.71
43.69
225.206
169.589
119.709
82.487
105.3
216.785
110.133
217.944
21.682
128.851
33.808
225.631
114.134
247.946
172.096
23.397
174.271
154.424
250.777
94.993
155.088
215.122
15.363
190.861
71.787
184.719
103.168
191.237
126.322
185.128
149.521
155.718
130.715
155.181
91.225
235.847
153.324
66.624
141.99
187.503
171.176
35.191
182.851
81.38
188.795
23.344
231.254
248.213
89.663
28.328
98.971
63.749
84.745
24.161
221.941
83.708
28.795
233.243
211.077
226.36
200.542
182.986
92.958
146.725
37.956
123.149
230.531
127.145
168.585
119.066
238.301
215.41
21.466
141.6
136.285
249.902
228.909
36.433
173.52
49.184
223.647
205.745
180.885
166.213
33.57
184.502
214.819
37.139
39.987
158.952
25.754
167.038
2.314
33.065
16.149
19.119
47.359
200.442
101.041
1.315
40.344
37.085
125.531
41.793
64.79
115.094
170.256
141.692
51.634
132.221
43.615
82.347
49.247
101.046
184.644
104.464
71.278
38.134
249.096
91.898
64.559
15.894
71.937
41.396
200.046
154.188
245.894
0.626
134.87
78.05
230.333
150.931
153.426
140.191
113.072
172.319
158.27
34.896
89.286
112.702
210.752
33.978
141.272
78.507
195.793
75.001
42.39
246.084
204.794
70.281
138.352
49.399
62.117
14.816
153.113
60.334
253.595
211.914
254.408
60.641
194.694
182.976
155.642
195.644
81.527
190.653
212.845
22.337
58.454
172.553
183.179
249.716
242.864
254.443
87.412
34.082
99.685
145.606
224.938
18.556
115.129
214.602
11.204
146.302
130.332
48.77
142.597
80.498
57.593
204.713
97.381
28.917
240.871
203.226
21.59
235.248
247.696
235.658
187.701
75.296
5.419
183.736
39.512
28.594
39.922
159.467
15.712
59.787
78.202
153.291
96.842
175.13
224.524
36.729
1.885
94.974
160.149
25.664
57.007
244.8
84.624
198.084
90.454
92.608
26.945
115.515
50.48
221.997
153.727
230.738
11.826
10.927
226.024
104.353
64.349
55.718
120.661
47.416
248.079
187.051
144.423
46.088
219.018
227.931
25.762
99.581
14.91
183.623
251.787
212.628
208.459
168.811
186.573
202.896
252.293
49.883
8.374
157.031
0.805
152.923
79.205
250.622
127.034
249.987
249.819
246.038
152.037
68.14
136.889
240.524
54.861
180.557
111.851
65.286
189.033
185.525
181.112
224.899
70.585
222.408
222.166
39.779
168.902
35.454
95.815
51.389
41.047
2.731
49.477
63.359
97.883
209.662
99.522
30.188
90.341
43.757
117.536
226.637
135.585
199.84
90.445
251.072
183.896
176.689
96.567
190.597
234.322
122.441
113.486
86.77
249.21
218.117
185.755
92.73
236.162
20.131
185.31
64.67
41.318
7.44
50.83
169.358
178.603
154.404
34.943
163.367
140.971
41.349
115.395
164.546
163.414
98.484
231.31
208.699
73.737
205.712
223.792
13.952
241.795
15.368
117.424
185.061
243.382
139.925
80.974
193.821
3.843
90.52
11.522
68.463
220.015
56.487
113.402
101.482
35.178
165.866
167.481
247.938
89.427
14.166
131.762
72.605
57.529
249.992
220.482
55.952
95.427
124.493
188.578
223.636
86.218
72.277
75.409
252.236
57.472
163.479
142.714
253.691
95.803
178.463
245.314
49.157
69.248
16.433
121.8
51.484
18.565
60.842
211.336
64.57
84.565
237.546
201.225
243.295
235.108
90.008
187.467
242.782
195.116
39.681
212.838
126
55.495
208.733
90.479
219.569
90.209
216.189
221.074
211.079
142.985
48.254
193.599
97.068
112.523
11.666
125.897
29.238
69.183
18.99
104.614
193.783
96.448
31.157
77.853
188.778
133.9
5.122
125.492
110.122
237.223
221.021
192.288
248.645
117.92
213.903
66.045
117.191
123.626
3.36
107.044
244.165
134.422
146.198
165.96
23.396
188.552
59.142
244.072
155.122
163.922
119.242
87.189
71.021
182.395
67.882
87.525
105.375
226.84
139.187
131.269
116.141
8.255
140.282
249.142
24.188
22.175
248.912
33.64
32.175
131.065
126.524
25.473
202.299
195.49
227.284
13.742
75.833
237.512
167.853
245.991
168.296
129.691
143.434
196.637
91.121
37.379
186.72
102.371
235.262
219.513
4.868
166.609
192.722
234.545
195.989
86.021
35.044
123.845
182.862
179.383
154.47
126.421
64.874
152.75
145.918
142.599
38.012
222.922
121.855
89.718
0.932
224.085
178.933
228.923
163.618
227.689
248.178
152.936
83.93
61.285
9.189
137.899
51.737
38.13
140.662
242.535
240.362
139.179
75.34
248.943
151.405
128.612
202.043
73.65
185.576
244.171
255.007
231.24
28.905
91.38
186.371
81.004
219.953
91.3
83.792
170.92
210.736
33.656
141.895
27.548
64.483
153.005
82.703
89.776
75.293
178.779
57.611
29.912
52.389
21.985
60.812
66.701
18.599
46.755
182.523
205.113
146.64
173.465
166.009
212.334
133.491
198.167
33.833
56.132
246.774
104.205
197.228
248.171
171.194
109.209
174.742
96.368
74.482
178.294
137.158
180.095
74.396
126.056
168.279
7.467
149.891
67.638
146.683
174.727
71.11
49.853
153.079
207.835
223.745
77.485
171.453
142.321
141.193
203.953
79.137
85.477
89.82
235.923
65.638
159.459
17.812
212.653
74.475
110.856
21.606
207.693
189.447
18.877
15.763
158.233
236.035
84.496
189.996
115.916
234.857
246.537
107.227
179.103
41.714
179.873
28.837
249.111
105.82
9.96
156.254
236.371
240.506
230.443
20.285
83.551
182.827
229.468
244.563
72.801
62.295
185.706
185.303
212.733
227.113
128.917
17.46
11.366
38.969
157.699
161.598
99.723
111.338
52.617
99.402
251.44
138.967
246.775
124.668
101.548
63.565
1.972
152.475
148.308
97.825
123.553
5.977
230.606
84.595
75.966
184.658
161.348
55.819
58.065
102.277
61.505
92.632
230.946
99.033
225.236
125.235
117.889
66.647
37.325
20.467
227.949
174.906
148.431
236.949
160.836
145.811
3.398
140.198
122.666
64.783
211.705
119.044
188.39
223.652
178.968
55.159
180.512
144.495
35.803
36.047
75.453
230.334
78.925
103.314
162.711
149.112
188.123
188.377
171.243
235.827
102.832
90.835
128.215
45.908
68.465
249.624
117.875
118.523
93.618
248.836
40.371
58.33
76.964
247.572
178.334
252.022
7.321
25.739
88.04
88.54
250.621
52.188
140.701
197.55
67.139
120.338
238.003
251.243
231.558
177.749
96.926
109.217
43.564
160.53
71.94
84.733
121.188
54.363
26.971
230.874
169.947
135.708
98.896
32.453
87.136
23.781
129.758
80.84
54.605
144.274
18.614
144.433
98.062
86.614
153.326
188.533
40.556
29.262
193.087
149.579
126.682
163.185
194.228
61.044
3.048
116.736
188.004
23.253
133.474
127.202
30.287
72.196
106.884
55.385
237.378
166.961
250.523
135.534
207.697
13.67
156.844
140.829
92.889
74.196
247.58
41.11
127.153
167.31
102.975
170.469
227.734
107.763
85.911
124.188
31.478
147.015
221.561
212.67
201.3
45.046
207.304
117.085
156.251
4.523
0.043
57.48
123.926
135.273
49.211
34.265
157.789
149.531
96.358
73.04
202.574
246.154
176.382
48.336
241.69
32.69
98.605
228.362
237.202
182.437
140.903
168.427
121.474
41.201
187.477
178.031
96.58
129.162
42.599
185.933
73.395
213.309
73.036
91.233
130.052
11.68
178.568
173.114
199.622
27.973
220.202
109.814
170.054
31.719
216.333
73.362
201.896
79.936
152.428
115.015
219.558
222.687
146.555
14.831
213.03
229.754
166.754
63.683
54.492
166.524
70.936
145.575
32.346
165.173
111.649
132.597
165.942
211.835
81.711
33.267
42.312
1.387
207.103
73.638
140.96
115.169
6.645
135.86
77.109
143.684
85.399
175.038
184.404
248.948
135.77
53.917
4.338
116.783
179.169
0.01
162.196
134.925
220.635
137.432
232.48
176.846
146.618
248.623
78.574
167.648
115.642
192.045
99.785
131.898
119.283
102.401
90.986
4.743
216.726
37.016
104.323
181.508
208.135
179.669
118.977
219.627
238.59
196.983
170.069
182.894
152.98
68.707
162.542
166.483
130.885
222.579
183.948
83.049
153.199
100.542
173.483
106.576
95.167
120.844
241.096
105.122
54.358
191.065
140.088
77.676
162.943
108.521
182.787
230.958
22.046
49.933
107.571
8.928
253.713
240.614
139.823
90.364
161.686
170.568
222.149
245.953
172.003
151.385
40.011
133.035
113.205
67.518
34.59
149.691
228.096
104.923
158.255
51.144
22.185
139.76
114.421
208.85
159.023
87.15
37.174
30.817
76.62
57.878
105.311
206.806
227.176
216.401
212.599
12.534
86.592
78.448
245.576
170.053
141.354
205.555
175.255
249.504
249.162
231.376
254.862
25.892
13.468
237.871
110.581
172.781
42.286
114.689
103.654
187.148
110.853
73.948
6.123
45.381
250.438
193.267
218.645
196.77
36.265
86.215
29.083
113.182
194.809
172.105
131.647
168.023
1.288
17.555
242.287
162.58
59.986
99.073
18.006
77.859
0.159
235.261
39.308
154.174
112.776
165.237
215.003
245.53
56.397
189.95
170.283
20.075
236.087
127.087
197.597
230.039
176.937
202.999
179.773
111.687
132.864
37.423
58.297
243.684
43.317
59.754
75.091
190.272
94.549
23.013
88.85
170.884
154.578
32.445
145.387
127.075
90.236
196.732
65.993
73.496
69.592
131.287
85.782
215.773
147.27
125.943
139.897
224.58
45.96
209.397
95.115
125.365
157.299
1.205
68.248
233.732
201.627
216.967
161.923
48.671
44.628
19.197
199.564
1.743
110.755
3.945
13.756
14.164
201.103
202.282
151.816
214.738
84.953
104.074
185.207
39.284
21.333
188.326
182.539
76.969
57.491
124.202
87.055
175.475
112.814
232.707
230.666
194.299
112.132
46.603
142.649
253.615
90.566
39.134
234.15
50.41
212.494
64.837
240.01
146.301
147.856
5.236
9.296
116.936
77.183
22.679
244.978
236.848
185.272
187.645
57.343
90.853
134.062
223.204
56.721
139.539
174.104
244.962
18.713
150.267
179.713
31.667
64.973
73.701
186.834
110.302
151.113
155.098
254.442
80.059
19.79
252.709
112.309
120.826
179.226
223.373
10.452
245.299
77.655
165.813
78.541
19.43
58.161
12.553
230.899
138.57
49.386
245.394
21.503
248.831
84.193
240.387
223.089
85.936
13.47
23.605
22.615
158.214
72.642
87.282
213.089
239.923
88.623
238.395
115.557
29.533
239.286
248.175
148.653
155.603
142.833
195.601
201.576
135.482
227.758
239.965
51.067
242.913
121.557
168.053
23.282
64.342
221.233
4.173
96.702
34.699
30.57
165.202
65.162
111.477
183.169
126.857
195.471
244.434
206.219
223.407
77.352
16.621
134.675
48.292
62.233
204.652
39.61
202.908
193.687
186.186
99.649
64.948
37.213
205.151
44.224
62.277
201.295
232.913
233.104
28.742
66.871
175.525
143.258
43.287
205.498
55.92
125.183
15.598
25.767
91.962
191.661
82.805
175.339
245.471
119.495
8.913
206.663
20.212
131.614
237.061
58.591
224.705
127.603
82.504
3.661
112.089
234.34
155.12
18.272
240.37
33.857
163.972
248.087
174.275
48.056
218.086
52.78
136.575
238.019
20.797
239.934
50.464
31.037
141.4
244.729
105.566
247.341
114.739
104.631
152.744
34.377
154.934
220.743
107.27
66.751
105.609
136.252
175.31
191.81
238.658
83.323
247.003
94.583
249.859
9.549
120.151
94.234
145.038
253.561
165.611
23.457
175.216
201.222
206.024
169.101
114.687
77.751
61.462
251.282
219.044
210.276
231.528
94.431
203.131
57.733
0.329
159.387
146.886
81.453
219.896
197.622
33.061
49.397
60.421
240.478
164.364
171.569
158.098
111.99
120.25
83.07
166.824
134.659
250.978
143.055
223.439
66.1
225.625
21.468
75.606
48.431
106.377
70.56
197.118
85.685
243.384
198.259
149.788
35.704
52.18
96.376
104.662
163.642
132.668
83.357
167.995
187.352
236.726
128.083
116.058
59.117
154.706
147.898
192.007
55.387
175.92
106.078
170.321
83.642
26.134
7.436
169.54
222.465
157.607
51.988
142.577
237.157
49.479
23.805
90.934
251.184
164.038
87.653
247.203
65.178
174.887
213.484
206.923
2.727
180.018
245.195
158.774
208.29
80.557
46.799
148.764
50.201
38.366
247.794
83.64
201.179
62.088
25.98
162.821
147.744
24.213
137.238
46.606
167.215
121.949
99.367
23.127
40.994
11.187
93.915
245.247
34.123
103.422
186.631
135.053
52.149
182.306
171.831
232.569
152.387
110.677
83.309
227.662
185.913
219.246
94.426
243.369
102.391
4.727
165.105
204.172
100.138
190.47
232.856
8.686
166.425
212.422
199.767
9.627
240.634
119.557
122.311
107.311
112.54
17.905
15.512
57.825
209.125
241.89
56.075
0.619
178.502
182.309
143.249
161.893
87.454
183.201
66.513
144.717
212.668
51.924
229.851
98.239
205.047
70.818
43.637
113.305
179.335
176.659
244.646
212.816
28.602
196.219
15.932
247.065
169.516
0.762
34.034
56.856
58.727
89.535
204.694
51.032
124.696
140.812
121.925
166.06
253.125
43.416
125.836
36.277
45.677
131.33
61.318
144.118
1.73
80.714
207.019
222.978
48.095
215.638
144.084
133
7.064
51.236
25.326
236.632
168.5
169.166
149.411
233.424
44.804
190.279
159.564
203.115
170.276
239.723
24.268
80.337
37.212
116.766
100.225
56.902
214.569
19.029
5.266
236.225
159.383
7.295
113.242
91.849
33.652
187.781
118.27
16.85
91.553
80.592
201.147
9.831
97.778
196.985
13.813
118.719
16.901
16.27
148.283
23.236
122.002
85.047
200.543
170.185
23.382
230.419
242.74
74.693
193.329
58.894
234.296
59.181
203.218
50.484
77.593
210.184
72.784
117.773
131.272
71.653
218.855
103.252
251.507
154.224
217.897
170.26
74.405
230.402
137.765
166.243
65.829
247.585
231.62
40.036
224.583
174.378
195.131
117.158
83.39
143.464
149.205
146.527
174.081
65.948
64.524
243.958
136.527
186.068
174.235
66.591
174.586
13.594
95.552
136.148
45.054
27.288
139.78
96.619
149.94
170.141
44.296
173.457
151.11
73.137
218.28
144.263
120.781
232.244
38.787
60.112
212.514
154.818
175.574
220.531
131.966
164.282
110.71
130.969
127.111
120.378
84.195
96.138
1.005
18.924
62.955
205.5
116.634
122.315
38.957
210
204.153
235.802
146.615
31.516
63.384
148.824
155.605
143.005
23.185
6.114
179.623
186.363
158.849
180.969
201.081
207.365
112.624
108.55
16.638
73.075
238.681
118.948
121.725
253.883
206.701
24.585
168.318
85.487
186.296
46.862
167.614
44.789
164.072
238.27
249.367
221.26
242.048
145.288
217.278
157.689
142.91
153.916
96.657
91.934
226.445
128.419
15.585
108.591
245.744
66.058
165.551
10.701
44.569
143.074
108.769
64.006
100.859
99.37
53.652
159.74
139.765
118.656
231.178
143.994
65.777
190.193
91.824
98.368
144.177
62.38
129.611
164.76
49.612
98.752
111.231
34.8
0.385
228.333
41.865
124.515
32.943
131.901
79.972
176.99
103.777
85.213
95.229
10.891
213.41
132.369
144.168
23.838
251.656
253.784
74.556
157.393
186.552
59.951
243.515
220.896
24.128
14.328
135.165
37.369
73.659
11.071
108.295
124.805
0.644
19.359
238.352
134.072
101.986
32.547
146.41
120.652
130.203
139.672
204.728
209.524
223.296
22.505
236.146
223.092
157.186
147.654
93.356
40.714
197.732
225.252
55.268
19.426
125.657
49.058
194.562
17.947
205.772
231.451
66.168
202.292
131.36
64.309
201.801
150.163
26.05
220.969
0.325
61.026
223.644
50.631
63.073
78.248
160.022
140.772
121.924
175.484
55.451
242.926
131.984
198.667
163.107
119.126
186.548
113.734
148.119
239.649
95.975
55.044
231.566
232.694
197.685
