-490.992
-426.027
-498.615
-414.835
-407.605
-380.288
-370.98
-462.689
-324.082
-340.423
-335.742
-381.377
-390.154
-348.344
-312.005
-468.183
-456.696
-384.733
-466.454
-425.953
-446.609
-408.374
-468.197
-518.081
-469.915
-441.911
-500.587
-336.253
-203.204
-456.036
-419.275
-483.213
-439.483
-390.084
-271.171
-429.304
-500.971
-384.887
-481.973
-423.55
-394.522
-297.394
-424.532
-375.237
-480.359
-383.479
-399.523
-392.919
-456.41
-329.804
-391.912
-268.613
-400.716
-474.817
-268.502
-401.249
-452.154
-456.496
-477.647
-385.488
-488.003
-470.686
-444.543
-279.742
-491.498
-440.901
-361.195
-434.2
-418.793
-397.679
-488.034
-483.923
-314.244
-481.569
-260.451
-430.021
-478.354
-362.175
-446.536
-304.031
-470.326
-463.453
-262.881
-440.855
-276.886
-387.59
-339.595
-436.38
-353.392
-402.291
-468.707
-449.277
-412.805
-487.647
-476.296
-341.08
-445.023
-297.869
-484.203
-402.869
-365.107
-328.04
-513.959
-382.65
-382.838
-395.87
-480.973
-415.345
-327.982
-331.369
-313.622
-415.688
-493.406
-366.377
-418.356
-374.855
-431.652
-473.375
-359.739
-220.118
-402.868
-491.003
-355.553
-461.838
-337.478
-379.665
-329.729
-305.281
-377.638
-385.339
-291.604
-363.139
-473.966
-366.503
-379.816
-255.032
-436.103
-359.392
-377.91
-378.967
-483.294
-358.489
-476.832
-357.454
-359.316
-516.131
-509.867
-415.123
-336.147
-356.044
-356.74
-443.159
-357.642
-482.235
-380.093
-354.414
-310.209
-376.113
-490.299
-283.764
-479.746
-418.957
-370.12
-377.492
-268.664
-534.134
-271.795
-344.91
-369.532
-431.888
-340.523
-410.136
-410.508
-338.56
-374.318
-514.765
-404.004
-317.436
-510.191
-364.127
-376.802
-379.603
-405.458
-470.757
-402.978
-403.524
-485.834
-316.571
-272.656
-394.043
-390.534
-480.097
-255.286
-478.28
-505.844
-342.183
-449.787
-421.517
-375.873
-416.194
-401.792
-512.89
-451.881
-465.338
-437.278
-480.172
-387.616
-419.951
-362.191
-477.858
-415.211
-296.744
-463.167
-339.878
-420.138
-343.039
-267.039
-338.56
-486.917
-402.228
-407.718
-493.656
-484.003
-391.256
-429.168
-323.009
-452.167
-458.174
-465.359
-319.351
-419.444
-372.956
-460.05
-354.606
-390.265
-441.081
-386.663
-338.538
-444.196
-378.652
-256.34
-465.023
-498.589
-433.598
-489.439
-357.269
-497.887
-317.826
-484.649
-319.418
-324.72
-320.735
-421.487
-369.266
-487.28
-313.966
-321.203
-447.03
-308.216
-550.268
-340.673
-367.584
-374.53
-421.939
-466.488
-391.289
-363.162
-380.731
-406.802
-309.109
-475.762
-454.21
-483.261
-428.704
-312.489
-454.412
-369.887
-379.143
-341.245
-373.035
-445.889
-478.132
-373.438
-341.246
-416.945
-432.67
-413.767
-421.913
-358.653
-370.602
-357.088
-452.239
-342.288
-388.883
-385.578
-403.652
-402.754
-299.21
-427.164
-320.81
-327.348
-458.472
-395.835
-359.374
-373.703
-518.162
-379.661
-306.846
-488.076
-456.386
-359.172
-395.583
-387.365
-319.135
-385.222
-324.619
-379.982
-404.438
-413.893
-312.737
-471.178
-418.291
-434.978
-443.559
-405.407
-406.774
-434.703
-342.745
-489.724
-378.796
-396.02
-416.987
-472.466
-389.53
-371.623
-335.656
-484.728
-410.947
-377.845
-471.655
-387.163
-440.058
-484.143
-357.713
-301.408
-334.342
-420.562
-489.263
-369.017
-321.837
-408.246
-477.863
-271.869
-455.095
-450.798
-425.333
-262.471
-400.64
-408.72
-290.577
-489.022
-301.025
-341.861
-438.489
-342.696
-473.348
-444.611
-474.471
-475.519
-406.324
-411.277
-411.205
-246.238
-348.769
-300.588
-390.803
-303.51
-381.109
-278.5
-462.644
-432.812
-250.865
-266.972
-480.027
-508.641
-283.249
-320.193
-479.381
-269.442
-392.566
-303.322
-514.974
-391.772
-386.767
-261.486
-349.853
-343.966
-338.984
-396.36
-357.412
-350.161
-462.437
-479.46
-303.219
-432.692
-308.499
-472.438
-437.64
-425.035
-305.332
-355.543
-268.371
-372.394
-426.862
-362.877
-373.758
-372.226
-311.456
-432.709
-423.215
-382.696
-313.236
-266.22
-468.866
-370.301
-398.048
-395.044
-440.461
-456.222
-467.578
-266.122
-309.538
-482.176
-531.413
-426.737
-444.148
-507.403
-421.922
-274.238
-412.656
-460.624
-472.053
-362.43
-402.04
-505.056
-380.625
-487.718
-481.716
-387.006
-484.734
-408.963
-473.846
-385.019
-475.199
-386.947
-279.952
-407.441
-340.151
-401.17
-391.646
-382.439
-518.995
-482.657
-505.953
-272.801
-400.95
-366.137
-376.444
-434.982
-260.063
-551.041
-483.134
-279.312
-421.181
-428.435
-449.424
-392.578
-414.411
-483.828
-404.507
-346.236
-464.506
-363.413
-293.439
-414.47
-317.548
-403.725
-495.205
-429.51
-349.241
-297.508
-273.587
-414.441
-274.353
-293.882
-335.136
-373.362
-457.656
-405.627
-356.618
-388.996
-414.993
-443.016
-254.104
-488.467
-305.791
-468.254
-449.416
-355.584
-432.142
-336.063
-354.57
-484.863
-405.496
-369.334
-336.498
-356.423
-334.769
-328.697
-420.021
-489.466
-346.948
-427.565
-288.344
-481.382
-372.079
-352.651
-400.544
-371.744
-481.571
-202.556
-440.91
-355.836
-383.202
-393.02
-362.875
-302.516
-427.378
-462.121
-409.384
-421.397
-380.531
-367.25
-437.539
-480.556
-261.185
-358.061
-364.664
-420.809
-408.281
-313.377
-318.011
-336.656
-374.832
-511.023
-386.334
-385.632
-408.001
-477.617
-490.82
-435.318
-412.736
-252.003
-432.66
-426.23
-309.782
-408.542
-315.013
-394.599
-354.687
-276.73
-421.485
-416.814
-268.529
-472.489
-366.763
-268.517
-460.509
-378.408
-432.338
-388.06
-393.65
-493.312
-256.982
-428.308
-402.964
-484.52
-428.66
-433.012
-354.255
-322.976
-290.918
-480.276
-343.938
-420.463
-480.001
-419.643
-482.776
-383.893
-496.927
-391.628
-456.617
-483.266
-465.797
-458.173
-401.989
-392.109
-429.366
-381.803
-340.749
-345.388
-346.094
-378.39
-400.44
-370.856
-281.292
-369.002
-367.182
-326.313
-373.869
-393.037
-480.207
-408.401
-399.255
-413.83
-407.737
-263.159
-403.623
-396.07
-454.763
-407.89
-330.544
-377.029
-439.632
-491.981
-387.154
-247.311
-422.605
-354.878
-490.778
-407.112
-485.128
-473.749
-424.97
-280.129
-450.304
-328.67
-425.221
-342.662
-457.557
-490.531
-419.714
-336.323
-424.033
-485.577
-371.402
-431.322
-381.995
-501.987
-400.171
-306.923
-413.766
-441.536
-398.554
-377.986
-541.832
-344.548
-269.66
-382.198
-347.836
-476.056
-370.672
-368.3
-373.558
-356.164
-435.087
-400.138
-528.406
-304.833
-428.462
-370.744
-498.384
-335.157
-332.271
-260.762
-490.282
-517.88
-376.251
-279.896
-431.862
-423.881
-483.428
-456.101
-355.516
-309.396
-256.297
-373.763
-403.111
-489.36
-532.874
-431.913
-498.693
-372.914
-433.654
-420.125
-517.938
-495.627
-373.289
-508.122
-416.911
-492.748
-431.517
-465.172
-423.831
-389.046
-361.968
-353.157
-514.154
-402.624
-412.41
-402.859
-498.095
-515.272
-445.82
-386.247
-360.211
-452.7
-405.424
-319.028
-514.532
-330.768
-285.418
-288.633
-283.674
-373.667
-380.936
-264.335
-331.497
-435.092
-348.638
-469.762
-402.627
-332.712
-407.073
-389.698
-508.064
-492.089
-425.965
-431.522
-387.95
-312.915
-303.615
-261.933
-499.539
-483.811
-393.054
-426.894
-347.548
-340.502
-387.766
-442.546
-390.89
-469.216
-381.119
-309.426
-282.768
-420.629
-372.814
-389.304
-514.481
-298.966
-470.072
-386.202
-483.03
-435.32
-450.971
-368.641
-416.462
-415.016
-306.748
-476.965
-475.77
-512.085
-470.25
-522.807
-471.492
-411.558
-393.843
-416.353
-318.468
-485.097
-445.56
-437.208
-316.068
-319.488
-449.503
-451.277
-364.907
-375.365
-406.193
-349.614
-427.645
-377.199
-474.222
-351.37
-365.478
-481.457
-420.54
-298.025
-479.935
-308.351
-365.242
-327.503
-472.727
-354.137
-454.236
-384.295
-357.83
-411.619
-429.015
-351.88
-397.042
-435.665
-426.044
-437.067
-454.325
-412.049
-336.273
-345.124
-474.367
-480.81
-439.882
-489.154
-471.89
-299.369
-405.171
-466.269
-319.602
-341.318
-301.568
-308.973
-419.553
-423.301
-401.551
-429.495
-358.689
-412.863
-371.008
-166.691
-322.665
-398.506
-439.086
-435.477
-352.803
-402.533
-427.519
-273.217
-470.302
-232.202
-434.79
-423.574
-345.013
-321.454
-400.862
-374.724
-418.47
-348.329
-480.804
-377.024
-373.726
-411.172
-432.456
-384.842
-376.534
-399.74
-468.267
-359.767
-421.415
-299.472
-378.734
-304.566
-491.056
-272.382
-411.595
-328.332
-480.405
-419.326
-385.243
-407.543
-289.158
-371.747
-440.272
-301.254
-281.287
-402.674
-468.83
-398.309
-405.281
-274.15
-293.686
-511.223
-461.752
-384.899
-326.647
-294.383
-518.475
-436.014
-506.373
-340.802
-400.674
-456.598
-280.429
-366.359
-289.258
-322.821
-383.07
-510.88
-385.419
-389.328
-413.24
-338.578
-500.535
-479.785
-304.652
-459.962
-446.585
-407.614
-424.978
-442.119
-307.86
-472.95
-425.033
-457.592
-502.665
-426.825
-451.477
-401.216
-432.155
-400.806
-436.004
-325.058
-423.751
-306.658
-393.711
-341.479
-400.954
-442.265
-341.252
-395.562
-496.072
-378.792
-374.691
-413.701
-470.79
-399.582
-251.807
-336.348
-476.876
-428.514
-445.045
-305.076
-425.036
-430.313
-420.64
-382.909
-482.683
-484.156
-319.057
-422.988
-476.764
-484.615
-314.868
-406.506
-370.264
-455.834
-447.226
-436.087
-450.253
-423.849
-372.62
-407.483
-484.817
-364.534
-487.276
-352.172
-357.727
-265.841
-433.09
-387.036
-505.773
-408.026
-454.881
-406.413
-378.908
-487.191
-438.885
-485.397
-431.265
-314.615
-415.043
-423.246
-382.377
-312.888
-400.632
-356.531
-507.63
-454.762
-381.692
-405.356
-312.735
-267.912
-322.303
-210.106
-354.915
-389.439
-447.865
-429.292
-439.135
-524.019
-257.059
-349.241
-321.039
-379.058
-377.428
-419.556
-349.619
-463.656
-328.607
-505.826
-313.36
-173.822
-355.447
-358.38
-518.819
-338.831
-275.729
-481.972
-444.615
-391.553
-361.846
-339.099
-356.61
-357.673
-268.656
-439.26
-324.855
-383.387
-403.413
-319.537
-475.199
-440.085
-474.001
-352.502
-402.598
-413.258
-472.573
-439.306
-398.356
-453.055
-435.642
-482.106
-441.855
-389.603
-406.849
-380.149
-273.619
-496.207
-509.789
-310.264
-435.638
-359.353
-471.672
-487.949
-292.232
-400.175
-502.165
-466.604
-424.345
-255.816
-491.676
-296.785
-411.075
-485.425
-407.123
-424.731
-312.32
-423.499
-518.478
-289.501
-355.543
-359.457
-480.104
-363.329
-379.234
-373.93
-261.52
-445.125
-315.295
-406.34
-363.599
-470.343
-469.219
-373.149
-410.392
-395.175
-335.779
-432.658
-501.944
-350.133
-510.316
-449.471
-459.968
-372.403
-378.151
-398.013
-388.996
-388.834
-475.024
-288.849
-390.443
-312.352
-432.623
-473.324
-447.966
-393.945
-470.352
-487.978
-396.161
-329.879
-480.027
-458.14
-413.125
-405.772
-363.49
-406.003
-234.221
-415.632
-490.118
-384.449
-344.03
-468.511
-399.862
-473.357
-429.766
-290.149
-473.163
-444.184
-476.562
-420.059
-344.026
-489.985
-443.383
-323.875
-493.754
-373.998
-474.037
-409.188
-377.012
-429.796
-439.817
-480.591
-340.739
-265.375
-308.857
-401.773
-278.602
-362.395
-282.04
-447.685
-400.982
-391.989
-392.304
-469.403
-337.891
-368.091
-361.852
-259.793
-425.654
-391.823
-282.911
-494.761
-477.593
-364.44
-445.974
-264.647
-433.541
-426.334
-367.069
-258.669
-460.777
-432.877
-386.893
-403.072
-463.504
-389.203
-300.575
-429.345
-445.213
-486.925
-372.379
-404.677
-388.449
-377.452
-381.082
-348.684
-414.442
-396.953
-400.965
-472.991
-273.764
-513.964
-343.749
-398.514
-374.624
-482.537
-401.3
-416.666
-471.803
-414.586
-424.676
-480.892
-383.843
-303.146
-425.922
-330.758
-402.081
-349.173
-406.017
-312.376
-302.658
-358.019
-353.465
-414.427
-419.825
-362.214
-376.795
-466.305
-389.356
-398.53
-318.517
-427.053
-403.214
-442.437
-471.712
-405.461
-396.011
-353.916
-339.655
-391.272
-382.998
-375.203
-272.699
-286.404
-409.88
-443.796
-474.319
-351.862
-381.085
-410.288
-488.225
-290.821
-344.786
-473.115
-386.868
-352.035
-338.457
-438.831
-354.711
-368.477
-357.206
-353.387
-381.206
-441.165
-473.967
-498.454
-346.573
-307.317
-365.374
-403.21
-399.121
-494.557
-393.971
-393.377
-429.413
-445.251
-276.21
-402.588
-303.65
-489.551
-358.775
-338.451
-388.7
-428.561
-310.86
-378.835
-462.608
-478.09
-390.513
-477.12
-513.068
-474.054
-334.059
-472.485
-389.897
-398.527
-498.831
-478.691
-402.314
-369.246
-344.06
-275.618
-364.299
-424.922
-446.52
-363.563
-348.445
-366.018
-326.698
-391.401
-306.301
-264.878
-312.448
-504.656
-480.261
-363.577
-316.169
-400.305
-489.909
-473.151
-351.323
-359.661
-453.924
-307.793
-271.262
-515.132
-432.962
-376.872
-467.142
-404.893
-509.69
-424.014
-379.66
-414.976
-294.252
-361.783
-457.153
-357.108
-371.44
-512.637
-405.668
-368.233
-422.036
-389.573
-460.554
-313.883
-360.457
-408.583
-467.419
-363.398
-415.782
-418.253
-384.053
-473.323
-298.314
-341.812
-401.154
-370.076
-427.734
-434.972
-449.746
-396.909
-493.271
-408.902
-495.346
-353.227
-378.521
-314.812
-256.203
-365.222
-353.579
-428.974
-349.513
-416.059
-482.09
-473.907
-411.885
-426.009
-379.632
-422.385
-207.393
-391.462
-484.421
-457.173
-443.933
-339.158
-384.868
-496.88
-411.39
-389.952
-329.906
-427.635
-372.092
-493.968
-446.205
-244.22
-327.928
-391.162
-281.452
-342.855
-330.439
-470.451
-313.535
-399.106
-343.254
-399.612
-421.42
-297.027
-296.792
-454.227
-478.165
-400.815
-397.26
-436.279
-402.902
-475.429
-457.845
-410.144
-333.578
-473.199
-432.579
-341.951
-451.33
-380.638
-249.501
-315.605
-490.898
-395.777
-464.848
-385.104
-413.114
-279.394
-417.198
-351.003
-317.302
-417.787
-380.39
-387.121
-368.376
-367.582
-397.821
-488.422
-406.409
-269.443
-356.251
-411.517
-453.625
-409.43
-521.401
-367.174
-436.582
-450.528
-416.759
-409.894
-434.357
-400.507
-359.271
-338.215
-369.826
-456.567
-482.631
-417.854
-415.498
-401.607
-431.643
-355.664
-300.341
-415.095
-301.833
-347.006
-286.411
-278.625
-485.106
-437.283
-309.884
-477.949
-317.895
-405.513
-460.698
-352.067
-302.54
-523.855
-302.477
-417.267
-371.206
-469.87
-343.891
-419.729
-383.849
-401.995
-493.137
-504.35
-283.306
-420.09
-503.751
-294
-370.747
-360.335
-456.904
-481.177
-373.848
-427.026
-538.376
-384.172
-409.606
-413.138
-362.604
-416.761
-500.146
-519.194
-232.099
-306.794
-466.596
-289.117
-350.637
-369.869
-345.801
-357.825
-488.932
-359.465
-433.579
-434.842
-391.632
-331.942
-380.472
-455.454
-366.635
-415.526
-368.369
-387.705
-297.395
-487.228
-426.276
-480.787
-282.928
-366.758
-495.412
-415.592
-401.092
-434.923
-448.837
-427.38
-447.829
-426.653
-501.72
-407.691
-416.53
-328.811
-428.474
-475.952
-386.748
-401.343
-474.642
-485.116
-455.32
-322.858
-382.699
-468.996
-394.5
-414.928
-474.218
-511.688
-481.805
-306.382
-363.613
-449.738
-452.918
-417.656
-332.846
-416.698
-325.096
-341.218
-377.217
-407.306
-479.006
-456.925
-462.99
-418.74
-322.19
-347.425
-400.823
-518.058
-420.366
-393.704
-346.798
-431.331
-275.864
-289.992
-419.226
-392.795
-463.211
-335.693
-350.995
-485.698
-376.006
-360.621
-416.379
-316.396
-325.765
-452.041
-396.948
-509.356
-423.889
-484.431
-429.7
-474.023
-398.637
-399.58
-408.411
-339.346
-448.47
-371.998
-340.581
-437.762
-452.261
-422.069
-380.696
-343.804
-375.725
-389.473
-498.234
-391.7
-423.123
-363.683
-286.982
-477.228
-484.792
-440.796
-292.077
-444.852
-453.131
-364.381
-401.856
-338.336
-292.412
-390.973
-473.863
-487.461
-349.998
-267.358
-460.634
-512.333
-409.77
-517.285
-367.368
-373.047
-409.104
-348.644
-425.605
-409.255
-296.408
-316.901
-385.837
-489.409
-367.319
-327.155
-301.103
-418.666
-488.821
-401.327
-317.538
-357.917
-479.247
-330.437
-354.795
-305.559
-428.647
-174.224
-432.329
-415.333
-351.426
-385.464
-314.517
-308.718
-356.486
-457.717
-316.72
-303.579
-263.047
-505.652
-420.807
-479.538
-485.384
-509.488
-478.625
-419.155
-305.5
-491.272
-382.256
-354.507
-395.716
-457.067
-308.312
-448.609
-414.631
-417.253
-412.427
-420.717
-331.067
-529.001
-324.64
-336.066
-249.278
-407.815
-363.061
-430.338
-267.306
-472.185
-340.993
-367.101
-406.979
-440.487
-356.534
-370.853
-404.444
-451.76
-321.622
-305.546
-496.016
-472.05
-358.87
-404.229
-407.271
-483.551
-398.261
-342.132
-440.611
-373.559
-394.63
-397.461
-360.688
-483.548
-444.778
-344.05
-275.942
-322.896
-375.91
-362.839
-298.253
-378.342
-361.769
-404.835
-351.434
-371.755
-409.314
-300.201
-471.651
-298.021
-454.804
-331.238
-415.199
-481.38
-265.258
-291.831
-410.544
-424.525
-404.413
-296.415
-265.234
-433.194
-436.009
-283.355
-472.203
-451.987
-397.502
-507.652
-454.423
-510.291
-411.508
-393.141
-422.328
-410.617
-399.941
-337.391
-340.569
-409.206
-384.664
-330.964
-506.672
-391.642
-427.181
-495.945
-432.678
-313.015
-453.849
-390.644
-427.36
-346.5
-357.771
-486.749
-312.956
-481.302
-459.358
-431.866
-415.53
-508.836
-453.337
-337.984
-353.253
-366.736
-269.483
-452.754
-328.779
-413.969
-482.925
-338.712
-413.525
-358.634
-378.454
-235.243
-366.752
-354.657
-518.289
-444.982
-228.203
-416.493
-478.685
-451.841
-244.818
-438.817
-432.023
-367.07
-423.048
-477.702
-408.882
-381.009
-369.418
-486.96
-394.438
-456.327
-403.216
-337.52
-317.411
-368.912
-364.635
-434.53
-419.454
-360.178
-422.548
-342.039
-483.146
-400.51
-448.826
-403.072
-425.405
-452.018
-551.511
-508.464
-350.564
-469.729
-292.367
-351.832
-487.234
-420.971
-347.434
-495.933
-462.577
-405.213
-390.803
-440.049
-333.741
-297.124
-425.186
-357.998
-276.084
-430.296
-333.468
-493.282
-475.013
-466.57
-376.119
-352.121
-321.856
-351.613
-373.143
-424.738
-516.921
-385.018
-512.427
-256.091
-481.493
-266.537
-363.469
-336.594
-286.861
-283.154
-501.79
-452.52
-415.932
-312.94
-442.243
-330.622
-428.595
-365.651
-405.514
-349.74
-359.659
-424.529
-364.053
-248.69
-361.905
-379.346
-444.291
-381.414
-422.249
-421.463
-377.383
-451.856
-313.256
-386.091
-352.155
-279.409
-521.643
-375.793
-306.97
-333.39
-432.873
-406.963
-519.05
-432.61
-418.313
-332.894
-358.649
-432.202
-349.588
-202.724
-391.28
-344.418
-445.47
-352.464
-380.769
-511.827
-380.55
-476.527
-490.753
-452.985
-360.085
-451.251
-321.933
-482.169
-464.367
-512.811
-496.695
-421.268
-417.959
-521.569
-374.098
-388.418
-266.57
-334.217
-267.589
-243.658
-347.183
-507.225
-382.014
-474.57
-374.362
-397.837
-307.684
-268.554
-290.89
-405.246
-277.185
-410.523
-408.333
-368.83
-426.972
-385.967
-466.286
-306.235
-344.592
-425.16
-282.558
-313.805
-328.793
-512.376
-455.288
-441.911
-389.242
-474.632
-401.714
-405.206
-231.844
-348.199
-427.399
-392.647
-411.027
-469.46
-422.022
-223.247
-399.775
-365.383
-528.47
-281.209
-348.13
-349.439
-408.342
-398.718
-391.806
-458.945
-535.695
-352.167
-344.959
-427.827
-475.908
-337.114
-321.504
-439.349
-385.767
-361.884
-344.356
-308.333
-366.807
-385.763
-379.425
-365.378
-457.198
-396.2
-462.309
-427.867
-392.85
-429.614
-339.213
-406.64
-356.192
-358.575
-418.785
-392.703
-452.339
-372.599
-404.066
-300.73
-417.616
-477.758
-447.564
-368.235
-338.538
-358.681
-447.802
-430.993
-279.465
-416.727
-423.576
-463.78
-363.377
-367.072
-390.531
-490.114
-359.038
-396.253
-452.265
-459.482
-428.946
-345.88
-384.491
-448.802
-479.442
-389.556
-323.481
-401.204
-451.731
-328.384
-375.945
-450.839
-401.9
-486.357
-407.16
-413.048
-371.596
-491.755
-292.361
-356.027
-341.915
-343.747
-283.748
-301.326
-420.563
-399.744
-484.511
-388.523
-413.741
-377.288
-464.727
-371.313
-359.242
-399.167
-469.569
-329.551
-354.793
-370.112
-485.201
-437.436
-517.162
-478.346
-480.71
-509.987
-409.208
-477.289
-377.221
-469.727
-416.854
-292.81
-441.226
-447.685
-498.996
-402.359
-379.396
-488.414
-502.404
-339.436
-382.389
-460.99
-448.342
-358.539
-378.404
-475.521
-484.161
-519.189
-418.264
-515.532
-419.698
-464.099
-479.513
-486.637
-460.932
-342.021
-254.731
-489.077
-444.56
-409.691
-352.704
