0.01
0.043
0.159
0.188
0.325
0.329
0.385
0.398
0.444
0.619
0.626
0.644
0.762
0.805
0.903
0.932
1
1.005
1.082
1.205
1.288
1.315
1.387
1.73
1.743
1.826
1.885
1.972
2.314
2.727
2.731
2.944
3.048
3.267
3.36
3.398
3.62
3.661
3.843
3.945
3.957
4.173
4.338
4.523
4.597
4.606
4.727
4.743
4.781
4.868
5.122
5.181
5.236
5.266
5.419
5.587
5.826
5.977
6.114
6.123
6.363
6.412
6.522
6.645
6.928
7.064
7.145
7.234
7.295
7.321
7.335
7.436
7.44
7.467
8.255
8.307
8.344
8.374
8.561
8.683
8.686
8.722
8.797
8.821
8.913
8.928
9.189
9.296
9.302
9.549
9.627
9.798
9.831
9.843
9.96
9.997
10.104
10.452
10.694
10.701
10.891
10.927
11.071
11.187
11.204
11.366
11.388
11.505
11.522
11.634
11.666
11.68
11.711
11.826
12.023
12.246
12.364
12.534
12.553
12.916
12.936
12.968
13.468
13.47
13.594
13.67
13.742
13.756
13.813
13.952
13.985
14.163
14.164
14.166
14.328
14.511
14.816
14.831
14.91
14.97
15.363
15.367
15.368
15.429
15.512
15.585
15.598
15.712
15.763
15.894
15.932
16.149
16.158
16.27
16.316
16.433
16.621
16.638
16.765
16.85
16.901
16.978
17.46
17.476
17.489
17.555
17.812
17.905
17.947
18.006
18.097
18.201
18.272
18.303
18.512
18.556
18.565
18.599
18.614
18.713
18.877
18.924
18.99
19.029
19.119
19.135
19.197
19.282
19.359
19.387
19.42
19.426
19.43
19.79
20.075
20.131
20.212
20.275
20.285
20.467
20.797
20.825
20.852
21.013
21.116
21.331
21.333
21.466
21.468
21.503
21.521
21.59
21.606
21.682
21.985
22.046
22.175
22.185
22.284
22.337
22.505
22.615
22.679
23.013
23.127
23.185
23.209
23.236
23.253
23.282
23.344
23.382
23.396
23.397
23.457
23.557
23.605
23.781
23.805
23.813
23.822
23.838
23.947
24.01
24.128
24.161
24.188
24.213
24.223
24.268
24.585
25.326
25.377
25.4
25.473
25.52
25.594
25.664
25.739
25.754
25.762
25.767
25.78
25.892
25.98
26.027
26.05
26.134
26.945
26.971
27.017
27.214
27.283
27.288
27.546
27.548
27.831
27.914
27.973
28.075
28.327
28.328
28.417
28.594
28.602
28.742
28.795
28.837
28.905
28.917
29.083
29.112
29.238
29.262
29.426
29.495
29.533
29.599
29.912
29.939
30.049
30.188
30.287
30.57
30.817
30.893
31.004
31.037
31.052
31.157
31.185
31.478
31.516
31.667
31.719
32.175
32.218
32.243
32.254
32.285
32.346
32.445
32.453
32.547
32.69
32.904
32.943
33.061
33.065
33.197
33.267
33.309
33.57
33.64
33.652
33.656
33.796
33.808
33.833
33.857
33.978
34.034
34.082
34.123
34.265
34.377
34.522
34.59
34.699
34.8
34.896
34.943
35.001
35.044
35.178
35.191
35.419
35.454
35.704
35.803
35.833
35.842
36.002
36.047
36.265
36.277
36.433
36.448
36.729
36.862
36.93
37.016
37.085
37.139
37.174
37.212
37.213
37.325
37.369
37.379
37.423
37.535
37.903
37.956
38.012
38.13
38.134
38.223
38.366
38.392
38.403
38.606
38.787
38.957
38.969
39.134
39.284
39.308
39.445
39.512
39.61
39.681
39.779
39.837
39.922
39.987
40.011
40.036
40.088
40.344
40.371
40.441
40.503
40.556
40.681
40.714
40.777
40.994
41.047
41.11
41.127
41.156
41.189
41.201
41.318
41.349
41.361
41.396
41.714
41.793
41.865
42.286
42.312
42.39
42.536
42.599
42.719
43.025
43.287
43.317
43.416
43.564
43.615
43.637
43.69
43.757
43.928
44.165
44.224
44.275
44.296
44.418
44.431
44.494
44.569
44.628
44.789
44.804
45.046
45.054
45.355
45.381
45.677
45.827
45.901
45.908
45.96
46.088
46.267
46.433
46.603
46.606
46.651
46.755
46.799
46.83
46.862
47.059
47.155
47.359
47.416
48.056
48.095
48.123
48.254
48.277
48.292
48.336
48.34
48.431
48.611
48.671
48.694
48.77
48.821
48.964
49.058
49.157
49.184
49.211
49.247
49.386
49.397
49.399
49.477
49.479
49.551
49.586
49.612
49.712
49.794
49.828
49.853
49.855
49.883
49.933
50.201
50.41
50.416
50.464
50.48
50.484
50.631
50.83
51.032
51.067
51.144
51.236
51.262
51.389
51.484
51.634
51.655
51.716
51.737
51.782
51.901
51.924
51.988
52.149
52.18
52.188
52.224
52.273
52.389
52.401
52.444
52.549
52.617
52.78
53.21
53.652
53.776
53.917
54.314
54.318
54.358
54.363
54.492
54.605
54.861
55.044
55.133
55.159
55.268
55.385
55.387
55.451
55.495
55.718
55.782
55.819
55.827
55.92
55.952
56.075
56.132
56.385
56.397
56.487
56.492
56.721
56.856
56.902
57.007
57.343
57.389
57.472
57.48
57.491
57.529
57.593
57.611
57.733
57.825
57.878
58.034
58.065
58.161
58.297
58.33
58.454
58.591
58.727
58.844
58.894
58.968
59.117
59.142
59.181
59.754
59.787
59.821
59.951
59.969
59.986
60.012
60.112
60.334
60.421
60.641
60.708
60.812
60.842
60.929
60.938
61.026
61.044
61.285
61.318
61.395
61.462
61.505
62.088
62.117
62.233
62.277
62.295
62.308
62.326
62.38
62.955
63.073
63.302
63.359
63.384
63.565
63.683
63.749
64.006
64.146
64.191
64.309
64.342
64.349
64.483
64.524
64.559
64.57
64.588
64.603
64.67
64.783
64.79
64.837
64.863
64.874
64.948
64.973
65.162
65.178
65.286
65.313
65.36
65.638
65.777
65.829
65.882
65.925
65.948
65.989
65.993
66.045
66.058
66.1
66.168
66.299
66.326
66.421
66.426
66.513
66.591
66.624
66.647
66.701
66.71
66.716
66.751
66.784
66.871
67.139
67.227
67.518
67.638
67.725
67.882
68.066
68.14
68.248
68.401
68.403
68.463
68.465
68.707
68.864
69.183
69.248
69.435
69.592
70.281
70.548
70.56
70.561
70.585
70.815
70.818
70.936
71.021
71.046
71.11
71.243
71.278
71.32
71.653
71.787
71.937
71.94
72.192
72.196
72.277
72.279
72.605
72.642
72.784
72.801
72.95
73.036
73.04
73.075
73.137
73.362
73.395
73.496
73.638
73.65
73.659
73.701
73.737
73.948
74.007
74.105
74.196
74.396
74.405
74.464
74.475
74.482
74.556
74.693
74.849
74.989
75.001
75.091
75.293
75.296
75.34
75.409
75.453
75.606
75.833
75.966
75.968
76.443
76.62
76.964
76.969
77.109
77.183
77.322
77.352
77.485
77.593
77.655
77.676
77.751
77.853
77.859
78.05
78.126
78.188
78.202
78.248
78.448
78.507
78.541
78.572
78.574
78.925
79.137
79.205
79.357
79.455
79.582
79.701
79.936
79.972
80.059
80.326
80.337
80.498
80.513
80.526
80.557
80.592
80.714
80.797
80.84
80.974
81.004
81.153
81.169
81.38
81.453
81.527
81.711
81.992
82.095
82.347
82.487
82.504
82.703
82.759
82.805
82.88
82.98
83.049
83.07
83.309
83.323
83.34
83.357
83.39
83.551
83.64
83.642
83.708
83.792
83.853
83.93
84.193
84.195
84.23
84.275
84.3
84.496
84.565
84.595
84.624
84.733
84.745
84.81
84.815
84.953
85.047
85.213
85.399
85.477
85.487
85.685
85.782
85.891
85.911
85.936
85.973
86.021
86.215
86.218
86.485
86.537
86.548
86.567
86.592
86.614
86.77
86.969
86.984
87.055
87.136
87.15
87.189
87.282
87.341
87.412
87.454
87.525
87.648
87.653
88.04
88.338
88.361
88.54
88.623
88.709
88.753
88.85
88.937
89.286
89.31
89.427
89.535
89.663
89.718
89.776
89.82
89.946
90.008
90.209
90.236
90.285
90.341
90.364
90.445
90.454
90.479
90.508
90.52
90.566
90.633
90.835
90.853
90.934
90.986
91.121
91.225
91.233
91.234
91.262
91.3
91.319
91.38
91.553
91.824
91.849
91.898
91.934
91.962
92.215
92.608
92.632
92.73
92.797
92.889
92.912
92.958
93.356
93.618
93.809
93.915
94.234
94.426
94.431
94.459
94.549
94.583
94.903
94.974
94.993
95.075
95.115
95.116
95.167
95.229
95.427
95.552
95.774
95.803
95.815
95.975
96.013
96.138
96.182
96.358
96.368
96.376
96.448
96.567
96.58
96.619
96.657
96.702
96.842
96.926
97.028
97.068
97.381
97.475
97.778
97.825
97.883
98.062
98.239
98.296
98.304
98.368
98.484
98.599
98.605
98.752
98.896
98.971
99.033
99.073
99.095
99.248
99.367
99.37
99.402
99.522
99.581
99.608
99.649
99.685
99.723
99.785
100.138
100.225
100.542
100.778
100.786
100.859
101.041
101.046
101.455
101.482
101.548
101.58
101.587
101.749
101.974
101.986
102.238
102.277
102.371
102.391
102.401
102.832
102.975
102.99
103.168
103.252
103.314
103.422
103.654
103.777
104.074
104.205
104.293
104.323
104.353
104.464
104.614
104.631
104.662
104.692
104.923
105.122
105.217
105.222
105.3
105.311
105.375
105.566
105.609
105.82
106.078
106.377
106.576
106.674
106.806
106.884
107.044
107.227
107.27
107.311
107.369
107.571
107.726
107.763
107.926
108.295
108.369
108.51
108.521
108.55
108.591
108.769
109.046
109.063
109.118
109.209
109.217
109.814
109.828
110.122
110.133
110.302
110.403
110.581
110.677
110.71
110.755
110.853
110.856
110.919
111.142
111.231
111.338
111.477
111.549
111.649
111.687
111.74
111.851
111.99
112.089
112.132
112.263
112.309
112.355
112.523
112.54
112.624
112.687
112.702
112.776
112.786
112.814
113.072
113.182
113.205
113.23
113.242
113.305
113.402
113.486
113.734
113.737
113.916
114.134
114.421
114.609
114.687
114.689
114.739
114.873
114.96
115.015
115.094
115.129
115.169
115.311
115.395
115.515
115.557
115.642
115.916
116.058
116.141
116.207
116.634
116.734
116.736
116.766
116.783
116.936
117.012
117.085
117.158
117.191
117.424
117.485
117.497
117.536
117.647
117.734
117.773
117.833
117.875
117.889
117.92
117.953
117.975
118.239
118.27
118.333
118.464
118.523
118.656
118.697
118.719
118.948
118.977
119.044
119.054
119.066
119.126
119.242
119.262
119.283
119.495
119.557
119.709
119.994
120.09
120.151
120.168
120.25
120.338
120.378
120.652
120.661
120.781
120.826
120.844
121.188
121.417
121.474
121.557
121.63
121.725
121.797
121.8
121.855
121.924
121.925
121.949
122.002
122.153
122.311
122.315
122.441
122.666
122.958
123.149
123.553
123.626
123.845
123.924
123.926
124.188
124.202
124.457
124.493
124.515
124.665
124.668
124.696
124.805
124.976
125.051
125.183
125.235
125.354
125.365
125.481
125.492
125.531
125.657
125.836
125.897
125.943
126
126.056
126.322
126.34
126.421
126.51
126.524
126.682
126.852
126.857
127.034
127.046
127.075
127.087
127.111
127.145
127.153
127.202
127.282
127.501
127.603
128.083
128.215
128.419
128.612
128.851
128.917
129.162
129.241
129.246
129.419
129.536
129.611
129.617
129.629
129.691
129.758
130.052
130.096
130.203
130.332
130.531
130.715
130.843
130.885
130.969
131.065
131.164
131.269
131.272
131.287
131.33
131.36
131.598
131.614
131.647
131.678
131.726
131.762
131.814
131.898
131.901
131.966
131.984
132.155
132.221
132.369
132.492
132.597
132.668
132.704
132.864
132.984
133
133.035
133.375
133.398
133.474
133.491
133.816
133.9
134.062
134.072
134.18
134.422
134.557
134.659
134.675
134.87
134.925
135.053
135.165
135.273
135.482
135.534
135.585
135.694
135.708
135.77
135.847
135.86
136.148
136.244
136.252
136.285
136.478
136.527
136.575
136.781
136.889
137.158
137.238
137.432
137.543
137.595
137.712
137.765
137.884
137.899
137.929
138.352
138.57
138.967
139.179
139.187
139.539
139.672
139.715
139.76
139.765
139.78
139.823
139.897
139.925
140.088
140.09
140.191
140.198
140.282
140.662
140.671
140.701
140.772
140.78
140.786
140.812
140.829
140.903
140.96
140.971
141.193
141.232
141.238
141.272
141.354
141.4
141.598
141.6
141.692
141.777
141.796
141.895
141.99
142.06
142.321
142.39
142.406
142.468
142.538
142.577
142.597
142.599
142.649
142.666
142.714
142.833
142.91
142.952
142.985
143.005
143.034
143.055
143.074
143.249
143.258
143.434
143.454
143.464
143.53
143.684
143.994
144.084
144.107
144.111
144.118
144.168
144.177
144.263
144.274
144.423
144.433
144.495
144.707
144.717
144.995
145.038
145.114
145.154
145.288
145.387
145.575
145.606
145.756
145.811
145.918
145.947
146.198
146.301
146.302
146.41
146.527
146.555
146.559
146.615
146.618
146.64
146.667
146.683
146.725
146.886
147.015
147.205
147.27
147.394
147.654
147.744
147.856
147.898
148.097
148.119
148.199
148.283
148.308
148.431
148.653
148.764
148.824
149.112
149.205
149.337
149.411
149.413
149.521
149.531
149.579
149.691
149.788
149.812
149.891
149.94
150.107
150.131
150.163
150.267
150.61
150.672
150.887
150.931
151.11
151.113
151.385
151.405
151.724
151.816
151.893
151.993
152.037
152.073
152.387
152.428
152.475
152.692
152.744
152.75
152.923
152.936
152.98
153.005
153.079
153.113
153.199
153.291
153.324
153.326
153.384
153.426
153.727
153.896
153.916
154.174
154.188
154.224
154.404
154.424
154.47
154.512
154.578
154.706
154.818
154.934
154.937
155.088
155.098
155.12
155.122
155.181
155.247
155.603
155.605
155.642
155.718
156.251
156.254
156.26
156.649
156.844
156.995
157.031
157.186
157.299
157.393
157.506
157.607
157.689
157.692
157.699
157.789
157.817
158.098
158.214
158.233
158.255
158.27
158.294
158.337
158.342
158.387
158.605
158.774
158.849
158.952
159.023
159.317
159.319
159.383
159.387
159.438
159.459
159.467
159.559
159.564
159.74
160.022
160.103
160.149
160.209
160.456
160.53
160.665
160.718
160.779
160.836
161.348
161.374
161.474
161.598
161.686
161.893
161.923
162.196
162.52
162.542
162.58
162.684
162.711
162.821
162.843
162.943
163.107
163.185
163.367
163.414
163.479
163.613
163.618
163.642
163.922
163.94
163.972
164.038
164.072
164.201
164.282
164.364
164.546
164.76
164.999
165.105
165.173
165.202
165.237
165.306
165.551
165.611
165.72
165.813
165.866
165.942
165.96
166.009
166.06
166.213
166.243
166.425
166.466
166.483
166.524
166.609
166.741
166.754
166.824
166.961
167.038
167.059
167.115
167.215
167.281
167.31
167.481
167.491
167.614
167.648
167.853
167.966
167.995
168.023
168.053
168.279
168.296
168.318
168.427
168.444
168.5
168.585
168.702
168.811
168.902
169.101
169.123
169.166
169.358
169.516
169.54
169.589
169.947
170.017
170.053
170.054
170.058
170.069
170.141
170.185
170.256
170.26
170.276
170.283
170.321
170.453
170.469
170.568
170.884
170.92
171.176
171.194
171.243
171.418
171.453
171.569
171.831
172.003
172.096
172.105
172.319
172.427
172.458
172.553
172.777
172.781
172.96
173.114
173.235
173.367
173.415
173.457
173.465
173.483
173.505
173.52
173.638
174.081
174.104
174.235
174.271
174.275
174.376
174.378
174.566
174.569
174.586
174.608
174.727
174.742
174.887
174.906
175.038
175.13
175.216
175.255
175.282
175.31
175.339
175.475
175.484
175.525
175.574
175.694
175.92
175.941
176.049
176.102
176.174
176.382
176.626
176.643
176.659
176.689
176.846
176.937
176.99
177.2
177.27
177.279
177.749
178.031
178.241
178.294
178.334
178.367
178.463
178.502
178.568
178.603
178.779
178.82
178.933
178.939
178.968
179.103
179.169
179.226
179.335
179.383
179.623
179.669
179.713
179.773
179.873
179.888
180.016
180.018
180.095
180.512
180.557
180.885
180.891
180.962
180.969
181.112
181.166
181.508
181.685
181.754
182.075
182.306
182.309
182.395
182.437
182.487
182.523
182.539
182.56
182.787
182.788
182.827
182.851
182.862
182.894
182.976
182.986
183.136
183.169
183.179
183.201
183.433
183.542
183.623
183.736
183.75
183.896
183.948
184.015
184.404
184.502
184.644
184.658
184.719
185.061
185.128
185.207
185.272
185.303
185.31
185.525
185.547
185.576
185.706
185.755
185.913
185.933
186.066
186.068
186.186
186.296
186.363
186.371
186.432
186.489
186.548
186.552
186.561
186.573
186.631
186.72
186.834
187.01
187.022
187.051
187.148
187.352
187.467
187.477
187.503
187.524
187.645
187.701
187.719
187.781
188.004
188.123
188.15
188.326
188.377
188.39
188.476
188.533
188.552
188.578
188.778
188.795
188.845
188.889
189.033
189.047
189.447
189.58
189.668
189.95
189.996
190.193
190.272
190.279
190.47
190.579
190.597
190.653
190.733
190.861
191.049
191.052
191.065
191.237
191.413
191.661
191.81
191.839
192.007
192.045
192.067
192.288
192.415
192.722
192.896
193.087
193.267
193.329
193.599
193.687
193.783
193.821
194.228
194.299
194.455
194.562
194.694
194.726
194.809
194.989
195.116
195.131
195.447
195.471
195.49
195.601
195.644
195.793
195.989
196.219
196.451
196.637
196.732
196.77
196.983
196.985
197.118
197.228
197.413
197.44
197.55
197.597
197.622
197.685
197.727
197.732
197.991
198.084
198.11
198.167
198.259
198.375
198.59
198.667
198.758
198.803
198.859
199.137
199.508
199.564
199.58
199.622
199.71
199.767
199.81
199.84
200.046
200.106
200.284
200.442
200.542
200.543
200.788
201.081
201.103
201.106
201.147
201.179
201.222
201.225
201.295
201.3
201.424
201.576
201.627
201.724
201.786
201.801
201.834
201.896
202.043
202.104
202.282
202.292
202.299
202.574
202.712
202.888
202.896
202.908
202.999
203.115
203.131
203.218
203.226
203.35
203.48
203.512
203.535
203.953
204.153
204.172
204.293
204.652
204.694
204.713
204.728
204.794
205.047
205.078
205.113
205.151
205.498
205.5
205.505
205.555
205.617
205.654
205.712
205.745
205.772
206.024
206.131
206.219
206.303
206.663
206.687
206.701
206.806
206.923
207.019
207.103
207.304
207.365
207.501
207.693
207.697
207.835
208.135
208.29
208.459
208.699
208.733
208.786
208.85
209.095
209.125
209.316
209.397
209.524
209.662
209.713
210
210.102
210.153
210.184
210.276
210.478
210.736
210.752
211.077
211.079
211.336
211.378
211.705
211.835
211.914
212.11
212.226
212.334
212.399
212.422
212.494
212.514
212.599
212.628
212.653
212.668
212.67
212.733
212.816
212.838
212.845
212.904
213.03
213.089
213.309
213.41
213.484
213.598
213.666
213.903
214.185
214.337
214.569
214.602
214.646
214.738
214.819
214.892
215.003
215.122
215.378
215.41
215.533
215.638
215.773
216.01
216.189
216.333
216.352
216.401
216.726
216.785
216.8
216.967
217.278
217.87
217.897
217.944
218.086
218.117
218.14
218.278
218.28
218.427
218.645
218.855
218.88
218.886
219.018
219.044
219.246
219.513
219.558
219.569
219.627
219.896
219.953
220.015
220.024
220.202
220.251
220.482
220.519
220.531
220.635
220.743
220.896
220.969
221.021
221.074
221.112
221.233
221.26
221.499
221.561
221.832
221.941
221.997
222.149
222.166
222.408
222.465
222.579
222.687
222.809
222.909
222.922
222.978
223.089
223.092
223.204
223.296
223.373
223.375
223.407
223.439
223.576
223.636
223.644
223.645
223.647
223.652
223.745
223.755
223.792
223.797
224.076
224.085
224.423
224.524
224.58
224.583
224.705
224.829
224.899
224.938
225.049
225.206
225.236
225.252
225.322
225.393
225.516
225.579
225.618
225.625
225.631
225.92
226.024
226.36
226.445
226.473
226.494
226.506
226.637
226.8
226.84
226.907
226.927
227.113
227.176
227.253
227.284
227.574
227.662
227.689
227.734
227.758
227.768
227.931
227.949
228.094
228.096
228.257
228.333
228.362
228.708
228.869
228.909
228.923
229.109
229.468
229.754
229.841
229.851
229.889
230.039
230.261
230.333
230.334
230.402
230.419
230.443
230.531
230.606
230.666
230.738
230.874
230.899
230.946
230.958
231.003
231.178
231.24
231.254
231.28
231.31
231.376
231.451
231.507
231.528
231.558
231.566
231.62
232.244
232.343
232.48
232.569
232.694
232.707
232.856
232.913
233.104
233.224
233.243
233.303
233.319
233.402
233.424
233.427
233.506
233.732
233.763
233.833
234.14
234.15
234.296
234.322
234.34
234.545
234.792
234.857
234.914
235.108
235.225
235.248
235.261
235.262
235.44
235.463
235.658
235.802
235.827
235.847
235.923
236.035
236.087
236.146
236.162
236.225
236.321
236.371
236.632
236.726
236.785
236.8
236.848
236.875
236.949
237.013
237.061
237.157
237.202
237.223
237.378
237.512
237.542
237.546
237.68
237.735
237.871
238.003
238.019
238.27
238.28
238.301
238.331
238.352
238.395
238.59
238.658
238.681
239.242
239.286
239.497
239.535
239.548
239.649
239.723
239.851
239.923
239.934
239.965
240.01
240.362
240.37
240.387
240.404
240.478
240.506
240.524
240.565
240.614
240.634
240.871
241.096
241.45
241.585
241.661
241.671
241.69
241.795
241.89
242.01
242.039
242.048
242.09
242.287
242.535
242.567
242.74
242.782
242.864
242.913
242.926
243.295
243.369
243.382
243.384
243.515
243.607
243.684
243.958
244.072
244.165
244.171
244.434
244.563
244.615
244.646
244.729
244.8
244.962
244.978
244.989
245.195
245.247
245.299
245.314
245.394
245.471
245.53
245.576
245.691
245.727
245.744
245.894
245.916
245.944
245.953
245.991
246.038
246.053
246.084
246.103
246.154
246.537
246.715
246.769
246.774
246.775
247.003
247.065
247.11
247.203
247.341
247.362
247.572
247.58
247.585
247.696
247.794
247.808
247.931
247.938
247.946
247.947
247.998
248.079
248.087
248.171
248.175
248.178
248.213
248.306
248.623
248.645
248.696
248.831
248.836
248.867
248.912
248.943
248.948
249.096
249.111
249.124
249.142
249.162
249.21
249.254
249.339
249.367
249.373
249.476
249.504
249.624
249.716
249.819
249.859
249.902
249.987
249.992
250.251
250.31
250.438
250.523
250.551
250.621
250.622
250.777
250.978
251.007
251.072
251.184
251.212
251.243
251.282
251.375
251.44
251.507
251.656
251.787
251.848
252.022
252.236
252.293
252.709
253.125
253.301
253.485
253.561
253.595
253.615
253.645
253.691
253.713
253.784
253.883
254.135
254.293
254.354
254.408
254.442
254.443
254.563
254.817
254.862
254.982
255.007
