-299.15
-306.733
-330.487
-335.696
-356.185
-312.075
-313.827
-314.086
-314.554
-309.94
-369.02
-369.007
-365.782
-363.258
-354.841
-287.514
-276.025
-275.124
-260.307
-233.119
-259.226
-253.918
-238.798
-149.713
-145.862
-106.273
-160.751
-191.808
-299.767
-386.59
-424.3
-442.743
-445.026
-435.271
-425.246
-443.642
-406.079
-397.03
-349.605
-260.178
-227.965
-280.983
-311.999
-335.93
-342.121
-443.321
-447.788
-447.845
-447.483
-444.013
-307.178
-297.028
-286.537
-280.408
-244.904
-201.462
-143.737
-102.062
-152.514
-155.038
-359.82
-376.654
-411.471
-445.091
-498.497
-413.183
-418.833
-422.056
-422.446
-422.162
-487.581
-480.653
-480.284
-477.601
-290.624
-259.257
-268.447
-275.595
-313.665
-332.078
-420.041
-427.468
-441.012
-444.786
-456.693
-397.418
-399.547
-391.776
-391.193
-354.041
-257.628
-220.018
-211.9
-208.883
-177.767
-203.835
-176.149
-235.822
-285.301
-286.514
-478.39
-486.298
-512.007
-525.555
-526.989
-471.752
-470.057
-457.512
-455.201
-436.966
-452.795
-451.137
-447.169
-428.94
-385.526
-320.736
-205.672
-268.864
-275.387
-375.212
-315.458
-319.477
-334.576
-334.453
-324.054
-294.587
-285.877
-283.995
-275.708
-251.446
-294.804
-237.816
-237.469
-236.775
-177.161
-258.738
-404.769
-411.208
-443.743
-466.814
-644.511
-645.167
-645.33
-654.112
-662.446
-509.405
-509.538
-507.205
-504.135
-490.589
-617.087
-565.75
-563.074
-526.358
-509.516
-298.496
-214.843
-220.728
-262.157
-287.175
-287.97
-296.495
-306.133
-305.143
-304.278
-473.787
-439.311
-418.846
-408.281
-392.094
-309.733
-273.939
-247.479
-235.45
-147.78
-132.609
-128.879
-114.66
-108.327
-225.817
-291.719
-312.616
-340.986
-357.168
-392.703
-367.147
-389.905
-418.927
-442.879
-451.006
-429.287
-430.652
-431.555
-485.866
-488.599
-556.064
-549.615
-542.284
-540.936
-507.83
-269.478
-279.745
-289.404
-341.735
-370.081
-368.168
-368.286
-372.585
-372.596
-372.525
-385.512
-385.808
-385.594
-383.122
-349.837
-374.932
-341.217
-338.338
-307.887
-290.196
-211.46
-171.252
-146.642
-233.937
-271.284
-357.395
-365.502
-374.4
-379.877
-388.994
-399.899
-405.434
-407.335
-407.467
-414.735
-394.677
-405.288
-436.697
-440.028
-441.087
-496.656
-498.7
-509.448
-513.097
-514.815
-550.053
-547.681
-545.16
-544.064
-538.52
-355.629
-292.316
-302.303
-306.523
-318.716
-401.228
-411.052
-418.092
-423.168
-423.875
-379.05
-379.581
-380.917
-389.544
-392.668
-436.894
-433.708
-419.928
-140.118
-127.842
-138.714
-278.084
-299.537
-301.044
-368.982
-387.307
-463.351
-479.32
-488.789
-501.355
-612.68
-612.589
-602.21
-568.629
-566.717
-390.181
-376.737
-365.393
-345.79
-342.178
-438.523
-340.829
-378.71
-385.183
-422.663
-276.713
-285.002
-298.317
-341.362
-343.439
-461.682
-449.424
-434.967
-368.82
-284.277
-212.241
-165.829
-151.467
-144.862
-97.4098
-68.5728
-252.289
-265.799
-316.185
-332.171
-433.195
-434.974
-435.66
-435.881
-436.235
-438.28
-442.411
-442.572
-442.509
-435.551
-395.468
-386.901
-357.785
-356.717
-318.723
-420.285
-316.041
-414.549
-435.91
-439.339
-418.56
-457.163
-460.023
-465.748
-470.945
-441.571
-449.875
-455.796
-459.968
-468.027
-418.512
-400.314
-388.63
-365.866
-340.536
-352.202
-337.105
-317.345
-301.925
-249.986
-242.481
-224.141
-237.793
-327.196
-357.848
-299.712
-301.31
-325.867
-331.407
-349.24
-496.326
-499.757
-499.491
-475.352
-451.662
-306.015
-294.864
-284.406
-275.321
-269.024
-404.135
-403.858
-370.522
-356.247
-352.915
-287.869
-177.194
-312.977
-328.917
-344.618
-408.085
-408.816
-423.225
-438.718
-440.5
-314.356
-305.724
-286.302
-258.53
-256.24
-336.729
-295.805
-288.522
-243.389
-219.279
-122.839
-150.776
-188.332
-209.875
-240.343
-358.891
-369.897
-381.164
-403.921
-500.735
-519.453
-529.952
-537.225
-541.908
-547.283
-523.131
-525.741
-519.655
-514.641
-506.91
-562.128
-556.87
-550.362
-547.857
-519.695
-419.737
-417.465
-410.517
-278.609
-297.554
-357.55
-417.007
-418.167
-419.839
-415.68
-375.394
-380.626
-367.631
-327.366
-321.144
-170.113
-121.72
-104.178
-96.4935
-77.7177
6.84677
-109.571
-213.329
-237.899
-258.591
-319.294
-349.689
-352.652
-366.221
-380.605
-342.683
-373.236
-375.63
-402.907
-403.432
-424.386
-418.363
-332.71
-278.977
-184.961
-194.967
-213.331
-255.616
-306.779
-344.711
-478.517
-478.726
-481.315
-483.32
-482.492
-405.726
-407.493
-408.582
-403.009
-378.159
-386.205
-294.561
-308.996
-319.116
-363.505
-357.927
-363.549
-379.627
-381.058
-412.107
-446.801
-456.166
-459.354
-468.282
-472.866
-517.775
-527.169
-532.376
-532.953
-533.168
-524.91
-523.696
-523.195
-523.097
-517.774
-438.978
-427.567
-421.269
-416.278
-394.681
-408.467
-396.697
-387.784
-387.061
-376.807
-259.083
-169.265
-239.965
-241.83
-256.383
-295.992
-296.311
-304.573
-304.835
-292.266
-447.591
-441.303
-430.023
-426.103
-402.432
-357.546
-329.796
-325.221
-311.009
-305.804
-235.998
-201.71
-194.66
-174.377
-119.499
-162.75
-160.572
-214.355
-229.259
-262.507
-377.966
-398.681
-446.491
-475.157
-535.611
-584.901
-601.767
-586.683
-559.349
-359.723
-206.808
-220.122
-221.757
-261.613
-292.495
-431.834
-448.985
-451.45
-451.438
-447.788
-438.476
-438.193
-428.137
-420.115
-366.192
-328.781
-315.688
-312.791
-277.45
-264.616
-191.176
-170.9
-73.6393
-150.641
-185.779
-203.694
-296.051
-344.457
-359.707
-391.883
-434.582
-441.61
-452.128
-452.992
-454.138
-482.841
-487.551
-488.541
-491.343
-488.943
-443.122
-420.742
-415.139
-395.462
-361.892
-423.425
-381.599
-321.833
-372.022
-409.01
-356.551
-373.563
-401.091
-404.798
-410.042
-401.316
-394.979
-387.955
-356.611
-351.729
-433.06
-424.397
-388.149
-292.601
-250.242
-292.642
-314.512
-345.915
-354.356
-377.155
-347.898
-379.606
-385.778
-456.889
-464.821
-531.039
-535.715
-537.553
-473.538
-466.247
-406.809
-396.331
-391.838
-388.52
-383.825
-342.351
-282.328
-304.465
-334.264
-338.843
-359.31
-368.865
-368.082
-365.226
-337.894
-360.893
-353.917
-331.953
-324.888
-323.339
-129.919
-117.513
-106.729
-103.305
-97.668
-129.902
-102.507
-147.185
-150.651
-173.791
-276.79
-283.137
-325.107
-338.973
-437.604
-404.214
-433.972
-440.686
-451.652
-496.621
-576.15
-579.339
-581.073
-581.352
-581.086
-562.949
-562.688
-558.52
-557.256
-552.572
-507.338
-489.661
-485.016
-466.037
-464.927
-471.901
-451.55
-442.173
-435.377
-418.6
-396.482
-394.603
-383.39
-372.428
-272.365
-442.92
-457.274
-476.822
-472.165
-464.165
-357.636
-338.152
-326.717
-306.491
-271.065
-202.503
-181.782
-181.077
-90.3792
-27.2815
-316.386
-333.206
-374.259
-399.493
-398.617
-414.421
-412.329
-412.152
-407.795
-355.443
-407.224
-374.767
-348.426
-340.24
-285.932
-316.63
-326.123
-336.944
-398.826
-410.868
-434.603
-434.946
-448.469
-448.437
-446.137
-453.998
-355.746
-341.664
-282.817
-275.296
-230.559
-191.902
-190.06
-173.779
-144.295
-291.371
-302.584
-335.114
-375.771
-378.91
-336.671
-347.551
-356.439
-399.801
-409.081
-397.335
-403.696
-406.611
-406.382
-404.116
-437.345
-437.123
-433.538
-420.967
-397.569
-339.082
-335.25
-305.172
-189.263
-190.34
-258.479
-277.174
-288.335
-322.22
-357.223
-373.084
-373.381
-396.858
-381.265
-315.146
-336.948
-288.664
-260.396
-202.799
-189.679
-320.128
-362.364
-384.977
-392.344
-417.386
-463.452
-465.938
-536.807
-560.187
-577.069
-557.346
-569.435
-608.77
-616.106
-619.426
-511.162
-511.063
-464.487
-410.045
-388.865
-415.15
-280.349
-322.562
-356.697
-406.96
-409.807
-411.109
-394.312
-392.957
-367.339
-405.789
-405.247
-403.654
-401.35
-389.175
-366.816
-356.915
-321.516
-312.69
-264.362
-292.821
-212.609
-182.024
-149.788
-287.317
-296.999
-321.121
-366.396
-382.267
-383.717
-496.183
-498.127
-498.644
-497.393
-491.706
-493.466
-492.463
-466.825
-464.532
-461.632
-345.56
-341.865
-318.819
-259.065
-259.506
-258.029
-283.397
-300.455
-320.242
-371.805
-325.342
-329.059
-333.219
-335.227
-343.328
-456.539
-453.72
-450.581
-435.179
-433.14
-398.651
-398.24
-382.792
-367.826
-333.035
-326.479
-295.945
-291.874
-204.737
-285.586
-358.073
-365.22
-373.976
-386.559
-402.19
-305.314
-306.198
-374.017
-384.491
-386.583
-397.128
-401.525
-405.198
-425.84
-437.864
-450.048
-444.771
-436.182
-434.423
-429.105
-511.413
-495.828
-475
-461.655
-437.447
-246.134
-244.891
-198.396
-257.603
-261.208
-433.52
-440.903
-445.082
-445.843
-444.221
-443.927
-401.26
-396.248
-368.217
-337.276
-290.997
-270.546
-247.916
-230.064
-176.002
-282.019
-352.071
-360.558
-375.344
-391.226
-438.107
-465.99
-468.919
-476.871
-485.752
-423.589
-431.953
-442.595
-463.189
-464.165
-547.145
-554.267
-566.221
-568.889
-568.857
-568.851
-537.073
-539.765
-540.836
-543.022
-451.285
-361.417
-351.817
-332.437
-317.748
-352.942
-291.126
-397.962
-402.412
-417.894
-446.255
-449.173
-449.262
-448.671
-401.499
-317.173
-255.801
-217.013
-237.265
-311.976
-365.139
-374.07
-400.951
-410.347
-476.151
-465.59
-470.265
-488.635
-496.505
-496.692
-464.013
-466.365
-462.584
-451.419
-415.539
-342.305
-339.502
-298.031
-287.132
-248.77
-446.333
-390.88
-393.659
-395.851
-414.321
-361.374
-363.665
-370.145
-375.884
-381.936
-452.482
-467.579
-481.083
-484.905
-485.611
-417.086
-348.423
-334.458
-316.104
-252.284
-164.205
-142.78
-139.727
-192.213
-231.723
-377.746
-379.794
-426.068
-463.458
-479.538
-395.41
-403.204
-407.235
-430.051
-441.255
-440.897
-441.499
-439.946
-436.98
-435.142
-473.663
-472.629
-470.91
-466.731
-411.622
-405.504
-298.982
-355.158
-356.697
-369.568
-399.543
-400.015
-400.867
-398.298
-390.675
-375.535
-375.162
-361.078
-324.767
-322.309
-259.986
-244.94
-206.879
-198.476
-194.238
-439.763
-488.409
-493.002
-539.525
-556.093
-538.775
-549.587
-552.404
-542.565
-487.697
-450.91
-429.051
-420.883
-412.362
-377.912
-310.423
-314.429
-321.479
-327.983
-367.016
-318.061
-332.288
-332.947
-342.048
-343.151
-454.736
-456.197
-454.048
-430.514
-373.749
-232.252
-164.722
-128.337
-212.157
-240.904
-387.385
-453.294
-466.884
-479.117
-495.17
-533.949
-554.052
-557.041
-561.745
-521.749
-533.344
-513.093
-511.113
-505.625
-497.203
-392.462
-374.664
-378.586
-390.461
-407.313
-391.968
-449.774
-449.1
-413.62
-411.522
-360.627
-340.372
-295.675
-267.192
-256.751
-85.9272
-53.6887
-52.6882
-31.5291
-135.996
-271.322
-309.999
-355.551
-376.782
-403.315
-415.43
-425.032
-441.488
-454.856
-459.323
-494.832
-486.356
-481.555
-475.821
-447.177
-431.74
-407.405
-387.487
-382.545
-357.089
-426.138
-418.298
-293.393
-326.555
-332.946
-285.851
-289.973
-310.805
-340.094
-362.551
-427.678
-427.957
-437.006
-427.658
-382.064
-224.183
-200.56
-199.935
-184.019
-138.81
-223.716
-206.204
-179.801
-236.327
-252.098
-390.456
-430.423
-482.847
-499.769
-531.565
-533.525
-545.716
-548.119
-547.526
-491.168
-483.096
-482.599
-474.94
-470.427
-424.465
-420.96
-396.984
-371.08
-358.776
-341.174
-265.039
-268.361
-278.857
-306.098
-324.573
-423.887
-427.25
-428.629
-428.91
-429.214
-439.021
-439.684
-429.785
-426.478
-418.397
-369.251
-355.661
-320.185
-307.967
-301.173
-204.683
-194.257
-169.45
-165.666
-161.098
-120.149
-65.1893
-55.5275
-45.3343
-217.53
-267.013
-324.287
-412.881
-436.127
-448.975
-439.735
-444.919
-447.365
-447.404
-429.76
-469.88
-460.814
-455.787
-453.531
-384.986
-174.758
-199.492
-234.091
-262.967
-298.117
-445.041
-445.907
-460.982
-477.738
-477.963
-450.969
-457.997
-470.439
-471.248
-471.106
-410.527
-363.175
-272.379
-198.234
-129.428
-131.571
-212.449
-239.746
-240.421
-320.728
-444.383
-471.047
-472.515
-473.127
-471.531
-448.174
-446.091
-434.842
-407.429
-391.824
-410.489
-394.672
-354.999
-351.103
-307.873
-373.758
-357.597
-253.491
-321.414
-341.959
-275.869
-292.003
-306.812
-361.777
-364.521
-394.739
-390.51
-389.543
-373.052
-344.192
-316.303
-288.552
-286.311
-280.714
-278.323
-376.171
-372.101
-371.076
-364.233
-351.018
-291.725
-253.462
-467.156
-511.692
-564.191
-637.1
-650.543
-648.18
-616.678
-599.114
-457.286
-424.232
-395.123
-373.817
-372.028
-420.833
-397.931
-371.633
-357.011
-368.083
-313.578
-340.286
-369.143
-381.722
-382.246
-358.079
-349.898
-337.295
-320.776
-299.517
-317.852
-314.059
-302.761
-294.514
-219.348
-207.842
-194.521
-181.774
-161.615
-146.186
-120.523
-87.1258
-85.9144
-192.924
-200.04
-225.218
-247.894
-295.159
-330.046
-356.22
-311.327
-320.68
-357.421
-379.386
-381.931
-443.114
-480.395
-481.056
-481.529
-481.275
-420.537
-395.197
-309.857
-313.606
-351.754
-345.075
-370.843
-385.488
-387.397
-401.975
-471.396
-472.128
-466.037
-454.28
-415.659
-399.715
-385.734
-352.204
-347.552
-326.048
-194.581
-189.34
-182.605
-219.513
-222.519
-291.113
-353.798
-367.969
-381.095
-428.223
-417.82
-450.748
-454.726
-453.001
-444.794
-356.624
-333.447
-321.543
-291.861
-287.845
-298.241
-195.856
-265.568
-354.377
-377.874
-384.775
-335.949
-305.253
-294.017
-281.607
-374.481
-370.787
-359.68
-338.807
-330.348
-288.481
-287.901
-256.963
-254.704
-226.498
-463.051
-466.505
-477.771
-502.868
-505.554
-435.826
-444.367
-449.805
-472.08
-487.635
-479.57
-504.884
-506.927
-507.177
-508.264
-352.04
-358.595
-378.373
-378.501
-382.806
-381.202
-380.513
-374.782
-365.952
-357.406
-306.069
-207.772
-213.852
-236.777
-261.366
-255.587
-262.482
-263.164
-279.831
-285.316
-418.743
-445.446
-458.99
-465.107
-469.274
-326.32
-330.402
-333.172
-335.542
-351.18
-346.537
-355.22
-355.465
-355.531
-355.01
-337.2
-252.647
-222.618
-214.602
-213.194
-293.834
-277.796
-274.824
-245.198
-241.253
-58.3764
-53.4319
-136.65
-239.923
-244.625
-430.995
-440.863
-456.473
-463.724
-482.983
-380.622
-406.097
-409.001
-417.703
-418.644
-456.793
-451.763
-394.094
-363.683
-363.37
-325.307
-297.142
-289.845
-288.786
-239.414
-222.262
-231.091
-241.743
-247.958
-263.912
-432.213
-471.945
-514.473
-524.414
-536.633
-441.012
-429.139
-409.122
-400.16
-347.501
-398.624
-372.538
-342.303
-332.77
-282.564
-53.1878
-124.933
-145.674
-238.091
-264.544
-267.829
-285.379
-285.833
-308.775
-310.733
-321.112
-336.964
-347.458
-349.578
-355.189
-525.449
-519.437
-517.471
-514.424
-501.198
-279.667
-261.116
-219.281
-231.69
-276.82
-241.997
-305.801
-309.583
-351.183
-356.317
-401.729
-394.772
-390.342
-386.103
-326.645
-336.788
-324.134
-255.811
-237.242
-235.05
-252.853
-259.897
-283.478
-296.686
-334.882
-308.72
-348.218
-388.026
-401.623
-402.435
-401.721
-413.467
-476.614
-494.466
-495.695
-457.575
-457.065
-455.362
-438.457
-435.731
-564.89
-552.811
-532.033
-485.806
-439.462
-327.751
-326.505
-286.914
-290.075
-296.912
-304.463
-319.695
-335.288
-390.716
-390.883
-428.302
-432.013
-381.765
-381.118
-379.813
-226.726
-172.002
-124.396
-112.498
-188.224
-176.915
-217.854
-264.987
-304.714
-334.996
-364.648
-366.343
-386.673
-392.43
-434.138
-456.169
-457.683
-459.24
-460.181
-461.483
-390.104
-390.739
-396.028
-410.662
-409.203
-327.29
-310.916
-297.795
-268.014
-268.428
-307.177
-308.582
-325.994
-332.893
-335.478
-460.332
-461.433
-491.995
-506.53
-502.704
-455.982
-459.692
-456.298
-449.455
-430.211
-331.289
-308.334
-285.693
-218.829
-230.046
-193.833
-229.139
-252.321
-299.55
-305.449
-414.001
-425.302
-424.53
-422.735
-414.864
-493.638
-487.874
-486.053
-475.015
-447.379
-370.097
-282.668
-292.917
-305.933
-328.329
-250.429
-255.406
-301.211
-303.34
-306.868
-446.972
-449.83
-455.439
-454.7
-450.603
-389.755
-381.988
-351.189
-330.424
-314.941
-287.371
-275.144
-249.912
-320.901
-347.802
-297.135
-325.94
-341.22
-361.58
-366.122
-403.268
-411.586
-430.379
-432.952
-440.541
-572.198
-574.748
-580.258
-588.771
-594.095
-553.01
-542.184
-513.895
-494.041
-488.153
-461.341
-434.924
-415.257
-406.081
-345.871
-357.671
-305.683
-312.991
-348.554
-361.603
-278.993
-281.389
-283.696
-292.242
-292.248
-412.866
-404.526
-402.76
-396.066
-383.373
-387.799
-374.955
-360.583
-318.185
-312.623
-180.066
-115.162
-57.5546
-48.5675
-30.075
-327.647
-353.916
-366.834
-367.187
-368.595
-273.684
-292.056
-302.62
-318.541
-319.395
-446.573
-447.974
-455.226
-475.656
-477.618
-502.653
-521.106
-520.185
-495.962
-493.118
-438.906
-423.787
-419.267
-400.854
-330.773
-371.04
-400.873
-403.559
-456.295
-474.37
-493.851
-502.795
-504.61
-504.395
-486.022
-441.676
-405.197
-357.818
-338.773
-321.366
-363.126
-356.647
-348.551
-342.92
-295.651
-412.018
-420.468
-464.77
-475.735
-476.92
-409.709
-410.094
-439.157
-439.505
-441.404
-426.071
-442.987
-444.703
-456.365
-457.223
-443.367
-441.943
-437.378
-434.286
-431.776
-461.663
-454.24
-414.881
-412.024
-398.629
-462.744
-423.331
-335.046
-233.72
-276.909
-223.378
-250.837
-320.905
-382.602
-385.986
-419.638
-421.798
-426.368
-423.816
-420.576
-298.089
-281.448
-279.197
-131.688
-23.4483
-404.879
-428.778
-446.127
-459.971
-497.687
-419.538
-439.61
-449.54
-491.479
-499.239
-402.804
-404.041
-409.828
-432.438
-440.808
-458.857
-445.054
-437.384
-385.29
-372.857
-457.694
-450.964
-436.336
-433.781
-408.299
-472.108
-448.587
-415.689
-419.162
-416.277
-323.204
-319.907
-319.49
-307.454
-301.186
-231.043
-169.295
-143.393
-13.74
-48.0963
-278.076
-306.409
-319.527
-334.482
-344.784
-329.783
-337.896
-416.539
-416.845
-428.493
-411.718
-414.122
-420.848
-436.239
-437.93
-335.611
-343.545
-345.881
-350.906
-393.767
-345.234
-346.381
-344.307
-343.753
-334.123
-398.688
-381.883
-248.184
-283.564
-329.247
-409.526
-427.313
-493.214
-499.008
-502.738
-492.558
-493.147
-493.209
-482.367
-479.876
-482.488
-460.29
-449.718
-407.789
-401.662
-342.521
-341.945
-305.333
-266.848
-241.542
-189.975
-265.677
-288.936
-312.191
-313.735
-121.681
-126.23
-148.018
-180.69
-220.812
-316.777
-320.199
-328.294
-353.497
-396.209
-556.031
-555.688
-554.558
-553.392
-542.323
-585.393
-584.419
-579.728
-546.075
-517.829
-364.964
-302.157
-282.364
-277.217
-242.217
-235.024
-240.231
-247.201
-294.365
-297.813
-342.944
-350.017
-367.963
-369.274
-373.249
-322.655
-310.724
-255.82
-244.638
-190.611
-303.052
-300.533
-225.601
-178.14
-170.023
-129.485
-164.445
-218.654
-292.742
-293.858
-254.633
-312.297
-362.643
-415.644
-436.098
-593.243
-579.197
-573.87
-570.43
-521.864
-467.107
-240.403
-306.876
-367.3
-410.41
-464.621
-474.881
-470.018
-460.155
-454.955
-361.225
-341.56
-291.663
-252.607
-199.729
1.49359
34.8888
-105.356
-155.558
-161.379
-269.704
-276.928
-282.546
-313.467
-324.517
-550.145
-581.199
-591.566
-573.033
-537.818
-383.354
-371.815
-287.027
-287.766
-333.881
-350.691
-377.215
-379.973
-388.198
-390.222
-373.017
-372.934
-372.022
-371.868
-350.772
-420.206
-419.487
-416.863
-409.611
-395.243
-311.723
-278.63
-237.049
-215.594
-188.151
-269.271
-396.213
-411.483
-415.631
-426.053
-446.154
-457.315
-464.828
-469.598
-491.548
-361.132
-359.347
-348.6
-337.469
-337.341
-370.62
-323.301
-266.49
-267.102
-275.206
-292.706
-307.84
-308.871
-332.032
-333.618
-329.154
-349.91
-354.958
-361.831
-364.329
-386.353
-388.482
-391.259
-391.431
-388.852
-420.841
-419.81
-419.061
-372.081
-336.299
-202.155
-199.577
-195.681
-165.112
-123.795
-52.8058
-85.9811
-89.2154
-138.762
-188.946
-219.632
-225.908
-317.943
-344.272
-346.101
-588.002
-572.237
-565.864
-562.678
-560.031
-454.085
-396.995
-388.284
-378.033
-366.419
-337.017
-337.574
-338.96
-352.298
-367.48
-401.213
-407.311
-410.131
-412.086
-414.878
-368.499
-365.325
-359.511
-305.071
-299.837
-365.961
-346.345
-319.624
-294.102
-269.296
-182.472
-154.264
-290.274
-374.78
-376.425
-188.602
-293.791
-339.505
-380.837
-421.973
-564.4
-560.521
-553.902
-509.619
-502.22
-426.752
-400.878
-290.578
-343.876
-361.749
-339.478
-367.209
-379.532
-386.501
-404.794
-491.844
-463.94
-461.094
-377.007
-376.343
-212.457
-191.159
-224.417
-283.671
-317.841
-439.396
-457.546
-469.276
-473.867
-475.041
-528.236
-528.935
-529.74
-529.212
-528.43
-483.917
-483.816
-479.713
-471.604
-468.945
-337.11
-337.583
-334.796
-331.722
-310.586
-364.144
-348.919
-321.991
-304.056
-300.118
-446.123
-464.317
-469.419
-467.897
-465
-409.975
-412.141
-411.602
-406.266
-394.556
-313.722
-301.549
-251.488
-205.063
-141.217
-161.929
-229.189
-278.811
-284.995
-300.511
-386.282
-397.346
-399.952
-423.094
-436.026
-299.573
-306.027
-316.676
-344.147
-349.169
-311.297
-351.477
-352.005
-386.274
-419.694
-401.857
-402.751
-402.925
-402.806
-401.891
-236.147
-160.012
-145.728
-142.182
-123.159
-169.41
-144.286
-253.197
-257.296
-334.576
-345.959
-410.581
-419.155
-421.824
-442.568
-294.517
-338.032
-356.287
-368.22
-379.427
-391.608
-399.706
-400.774
-398.363
-394.27
-403.104
-377.005
-362.021
-285.939
-291.393
-388.828
-395.282
-404.106
-407.365
-405.034
-365.585
-364.865
-361.009
-349.788
-349.419
-355.928
-336.484
-317.831
-317.318
-308.932
-454.988
-418.312
-399.491
-396.86
-396.529
-280.114
-278.623
-249.52
-246.241
-233.87
-276.201
-172.47
-168.812
-278.937
-311.38
-335.788
-336.688
-370.869
-400.412
-414.589
-389.211
-403.681
-416.049
-417.306
-417.83
-392.896
-394.598
-393.039
-390.035
-387.432
-407.529
-407.411
-385.301
-369.722
-288.723
-328.734
-336.552
-342.221
-345.385
-376.235
-319.622
-330.616
-347.71
-352.483
-389.246
-273.987
-268.686
-266.08
-229.107
-213.661
-271.727
-261.66
-256.05
-253.665
-210.985
-297.19
-253.713
-253.068
-197.51
-169.032
-145.946
-417.59
-486.786
-502.291
-507.548
-502.829
-543.601
-529.153
-516.568
-514.883
-439.349
-399.428
-325.512
-298.273
-297.884
-284.352
-277.708
-268.208
-222.486
-246.357
-304.153
-313.095
-325.241
-326.785
-329.103
-346.077
-348.513
-350.69
-348.669
-348.011
-433.272
-435.554
-439.071
-440.547
-439.895
-411.335
-410.683
-410.442
-408.079
-292.661
-166.906
-115.754
-80.9639
-190.399
-195.437
-190.808
-213.032
-282.929
-322.376
-328.254
-379.516
-382.185
-394.536
-397.383
-397.757
-563.021
-586.091
-587.105
-587.466
-557.76
-579.297
-553.171
-547.366
-543.15
-484.188
-264.2
-289.273
-310.121
-372.242
-402.435
-426.188
-426.879
-426.929
-428.528
-427.675
-350.908
-322.208
-316.475
-311.735
-292.505
-441.204
-430.185
-416.158
-412.081
-394.92
-366.806
-351.961
-259.644
-221.071
-290.751
-203.771
-218.74
-226.98
-248.843
-266.825
-339.48
-365.308
-376.387
-381.322
-412.887
-381.034
-389.282
-390.358
-423.034
-434.467
-333.703
-342.409
-343.076
-342.383
-341.921
-342.02
-339.813
-338.092
-334.124
-308.844
-443.13
-438.46
-396.922
-401.427
-411.345
-307.472
-307.577
-306.553
-303.739
-294.796
-412.934
-412.812
-412.178
-410.501
-367.124
-411.664
-408.168
-404.54
-387.249
-380.082
-309.21
-294.355
-275.843
-268.059
-166.956
-286.598
-407.099
-441.449
-457.523
-459.455
-468.627
-488.654
-502.395
-513.598
-515.255
-572.423
-570.011
-546.335
-488.934
-479.444
-486.804
-470.811
-437.475
-416.299
-410.532
-268.019
-279.269
-281.071
-281.344
-296.427
-327.502
-333.612
-338.48
-332.704
-324.648
-413.801
-386.433
-362.079
-350.338
-342.831
-172.104
-146.282
-84.1275
-77.7884
-73.4129
-84.6567
-103.512
-122.167
-127.504
-155.564
-349.726
-373.925
-392.004
-433.903
-445.982
-419.145
-438.406
-440.463
-442.791
-443.471
-559.226
-567.131
-569.412
-573.749
-576.157
-393.659
-430.152
-427.258
-423.869
-423.497
-423.421
-359.454
-348.008
-338.913
-318.107
-318.3
-323.406
-365.62
-366.897
-367.683
-329.125
-343.45
-345.212
-357.553
-358.084
-399.782
-399.777
-398.951
-395.4
-394.901
-532.089
-532.165
-532.216
-532.425
-529.568
-465.954
-460.495
-446.908
-404.885
-403.166
-391.747
-381.098
-373.273
-371.975
-329.092
-241.349
-235.432
-227.161
-217.868
-195.141
-73.0342
-40.4818
-93.9287
-96.0179
-131.458
-213.069
-255.404
-285.837
-317.463
-328.977
-287.909
-313.109
-314.529
-377.562
-388.769
-393.886
-401.516
-403.432
-406.912
-406.948
-408.175
-399.32
-396.773
-389.927
-374.517
-437.692
-427.686
-414.582
-381.127
-257.83
-167.528
-220.931
-263.141
-281.073
-325.517
-395.966
-403.017
-410.789
-342.631
-293.172
-107.586
-155.676
-170.332
-178.883
-191.602
-229.065
-237.359
-263.446
-297.888
-373.232
-432.383
-451.605
-467.342
-476.611
-476.876
-492.881
-484.639
-480.042
-463.296
-459.003
