dataTorque
   -204.699     2.62452   0.0488859    -23.3773    -3.12315     12.2095    -22.8609     1.55677     7.24785 0.000494298     22.7668     34.5409     2.34953       8.653     3.34178     -5.4101 0.000387591
   -248.469     3.91489  0.00754895    -28.0225    -8.38584     14.3469    -19.8642     2.14366     7.05415   0.0001993      32.352      39.068     2.52363     10.6618     3.62027    -4.17675 0.000154426
    -285.532      4.94962   -0.0426969     -31.9009       -14.13      16.0708     -15.1873      2.72194       6.4235 -0.000164678      41.6296      42.0834      2.57734      12.3814      3.73194     -2.51317 -0.000132328
   -460.444     4.59618 -0.00342768     38.2208    -53.3291     3.85169     16.7879     2.24431     5.11998 5.50066e-05     11.9464     24.1512    0.319202    -26.3109  -0.0120395     1.69157 0.000938667
   -456.594     5.41318  -0.0268296     33.1123    -52.5719     2.40379     13.9822     1.94347     4.60658 0.000106531     10.7139     18.3237    -3.49655    -25.9648   0.0103449    0.581185   0.0012729
   -450.629     5.91367  -0.0406732     29.7361    -51.6771     1.50331      12.162     1.74461     4.25698 0.000139922     9.88805     14.6579    -5.78304    -25.5639     0.02386  -0.0961062  0.00147161
    -331.348      4.68619    -0.090981     -22.3004      36.5613      4.83822      16.1245      2.66364    -0.828042 -0.000297531      32.2255     -35.8347     -17.6018      4.97697     0.862382     -0.22463  8.17905e-05
     -332.19      4.63024   -0.0857342     -20.9024      36.0388      4.49304      16.2717      2.51537    -0.658038 -0.000273657        33.29     -35.6537     -17.7891      4.41614      1.11135    -0.153179  8.40397e-05
    -332.011      4.37821    -0.063872     -15.1827      33.6106       3.0859      16.6844      1.90408    0.0191362 -0.000183772      37.1329     -34.5752     -18.3404      2.16533      2.07941     0.129682  8.92581e-05
    -323.468      3.98387   -0.0337776     -7.40823      29.6385      1.18532      16.8069      1.06303     0.896539 -7.57066e-05      41.1754     -32.3303      -18.595     -0.79308      3.27776     0.492045  8.64751e-05
   -414.137     3.37445  -0.0509511      2.3717     -15.907     6.78169      18.714     3.57508     6.61023 7.85836e-05    -27.3346     31.0432    -2.38661     -2.4192    -1.05645    -6.31969 0.000218003
    -388.318      3.34745   -0.0185733      11.4773      -12.196      5.89199      20.9359      3.46149      6.29922  5.82645e-05     -22.6917      31.9976    -0.542298     -5.33542      -1.9562       -6.782 -2.39194e-05
   -348.132     3.27864   0.0159733     20.8626    -7.83449     4.75832     22.6493     3.23215      5.7712 2.37326e-05    -17.0424     31.9508     1.41997    -8.23302    -2.84152    -7.03675 -0.00029156
