phibeta-RHS
RHS, phi*beta, difference at 0

    -156.204     -156.204 -3.29409e-05
      1.2674      1.26739 -3.02825e-06
   0.0920187    0.0920187 -4.02545e-10
    -18.2792     -18.2792 -4.10742e-07
     1.61906      1.61906  1.17459e-06
     9.79435      9.79435 -2.45002e-08
    -24.4874     -24.4874  1.02698e-06
    0.971193     0.971193 -3.44373e-09
     7.08919      7.08918 -3.28259e-08
 0.000572468  0.000572467 -3.10165e-10
      13.282       13.282 -1.49567e-06
     29.1356      29.1356 -2.53408e-08
      2.1047       2.1047  1.04736e-07
     6.53657      6.53657  2.78489e-07
     2.96652      2.96652 -5.33813e-09
    -6.33126     -6.33126 -1.14089e-07
 0.000450474  0.000450474 -7.77673e-11

=========================================================================



RHS, phi*beta, difference at 1

    -145.334     -145.334  6.12399e-05
     0.81844     0.818445  5.31616e-06
   0.0906877    0.0906877 -3.51935e-09
    -17.0268     -17.0268 -2.48771e-07
     2.80088      2.80088  1.99116e-06
     9.23054      9.23054 -6.14742e-07
     -24.911      -24.911 -2.97672e-08
     0.83748      0.83748 -2.24303e-08
     7.07124      7.07124   1.0851e-08
 0.000785143  0.000785143 -2.06762e-10
     10.8607      10.8607  1.05165e-06
     27.6327      27.6327  -1.5446e-06
     2.02535      2.02535  1.00331e-07
     5.94659      5.94659 -1.97397e-07
     2.84745      2.84745  2.55834e-08
    -6.50068     -6.50068 -2.31181e-08
 0.000618364  0.000618364 -3.89527e-11

=========================================================================



RHS, phi*beta, difference at 2

    -208.398     -208.398  1.73358e-05
     2.73546      2.73546 -1.14644e-06
   0.0458355    0.0458355 -1.43928e-09
    -23.7716     -23.7716  1.14071e-06
    -3.53156     -3.53156  6.82212e-07
     12.3926      12.3926 -4.28696e-07
    -22.6681     -22.6681 -1.60117e-07
     1.60407      1.60407 -3.04776e-09
     7.24467      7.24467  7.26405e-09
 0.000472407  0.000472408  1.65227e-09
     23.5444      23.5444  1.34835e-06
      34.947       34.947 -6.89428e-07
     2.36692      2.36692  5.93077e-08
     8.82239      8.82239  7.02121e-07
     3.36887      3.36887   5.1066e-08
    -5.32343     -5.32343  3.23039e-08
 0.000370262  0.000370262 -3.10592e-10

=========================================================================



RHS, phi*beta, difference at 3

    -275.948     -275.948  7.02585e-05
     4.69045      4.69047  1.15177e-05
   -0.027336    -0.027336  4.35716e-10
    -30.9062     -30.9062  2.02386e-06
    -12.4396     -12.4396  2.92913e-06
     15.6386      15.6386 -2.73956e-07
    -16.7366     -16.7366 -7.96138e-07
     2.55949      2.55949 -5.23472e-08
     6.66075      6.66075 -1.59241e-07
-5.15195e-05 -5.15241e-05 -4.55057e-09
     39.0448      39.0448  6.02171e-06
     41.4322      41.4322   2.2129e-06
     2.57821      2.57821 -2.56267e-07
     11.9332      11.9332  3.10587e-07
     3.72261      3.72261 -1.12113e-07
     -3.0415      -3.0415  5.05028e-08
-4.32791e-05 -4.32791e-05 -9.11489e-13

=========================================================================



